0 0.43678972125053406
1 0.36529168486595154
2 0.31620165705680847
3 0.2863609492778778
4 0.26304659247398376
5 0.25063127279281616
6 0.1775759905576706
7 0.17086273431777954
8 0.13330136239528656
9 0.14655792713165283
10 0.15348905324935913
11 0.15266196429729462
12 0.12288355827331543
13 0.11953932791948318
14 0.12670885026454926
15 0.13821767270565033
16 0.1259225457906723
17 0.12131951004266739
18 0.11149377375841141
19 0.11589601635932922
20 0.10275722295045853
21 0.12152460962533951
22 0.1366974115371704
23 0.12257926911115646
24 0.10153114050626755
25 0.11904517561197281
26 0.10556264966726303
27 0.11544863134622574
28 0.09348120540380478
29 0.11258173733949661
30 0.09173125773668289
31 0.0975542739033699
32 0.11134650558233261
33 0.07919364422559738
34 0.12036146968603134
35 0.08118725568056107
36 0.0963345393538475
37 0.08761414140462875
38 0.08436726778745651
39 0.08713653683662415
40 0.08048677444458008
41 0.11567056179046631
42 0.08529301732778549
43 0.07121876627206802
44 0.07283426076173782
45 0.0846446081995964
46 0.0852571427822113
47 0.06394390016794205
48 0.06845720112323761
49 0.0696789100766182
50 0.08094090223312378
51 0.06797205656766891
52 0.067576564848423
53 0.07022283226251602
54 0.06747081875801086
55 0.058191221207380295
56 0.052706122398376465
57 0.06316544860601425
58 0.05855927988886833
59 0.06336862593889236
60 0.0616808645427227
61 0.07222206145524979
62 0.05802899971604347
63 0.07320462912321091
64 0.06826619803905487
65 0.09132174402475357
66 0.04933887720108032
67 0.08429541438817978
68 0.06602426618337631
69 0.07385934889316559
70 0.07139043509960175
71 0.08546178787946701
72 0.07168122380971909
73 0.09061505645513535
74 0.09519770741462708
75 0.06872298568487167
76 0.09251777082681656
77 0.06610450893640518
78 0.09502585977315903
79 0.0789261981844902
80 0.05961256101727486
81 0.08405262231826782
82 0.061911165714263916
83 0.06410858035087585
84 0.057173747569322586
85 0.05125133693218231
86 0.08337869495153427
87 0.060581374913454056
88 0.07526452094316483
89 0.057382334023714066
90 0.07427817583084106
91 0.06360388547182083
92 0.06794057041406631
93 0.060659971088171005
94 0.06667530536651611
95 0.05692403018474579
96 0.06693743914365768
97 0.06479870527982712
98 0.060712847858667374
99 0.06070645526051521
100 0.04813525080680847
101 0.0666147843003273
102 0.0604255311191082
103 0.0624270886182785
104 0.04641641303896904
105 0.04715936258435249
106 0.05519665405154228
107 0.06272759288549423
108 0.05339892581105232
109 0.06263351440429688
110 0.05919341370463371
111 0.05664714053273201
112 0.06371007114648819
113 0.05425431206822395
114 0.05599793791770935
115 0.05172514542937279
116 0.058395255357027054
117 0.062088847160339355
118 0.04939739406108856
119 0.057149071246385574
120 0.04713072255253792
121 0.04895618557929993
122 0.05982863903045654
123 0.08025023341178894
124 0.06394454836845398
125 0.05461374297738075
126 0.07998865097761154
127 0.05681191757321358
128 0.059408336877822876
129 0.07364008575677872
130 0.07153332233428955
131 0.06405710428953171
132 0.054857369512319565
133 0.05669322982430458
134 0.04647352918982506
135 0.050386711955070496
136 0.05787627771496773
137 0.054771363735198975
138 0.06245579943060875
139 0.05315284803509712
140 0.05264906957745552
141 0.06030090153217316
142 0.06009696051478386
143 0.05899539589881897
144 0.05477141961455345
145 0.06204347684979439
146 0.052085816860198975
147 0.0457543320953846
148 0.06236675754189491
149 0.04900160804390907
150 0.07772505283355713
151 0.06140662357211113
152 0.06815274804830551
153 0.061324115842580795
154 0.04997481033205986
155 0.061739638447761536
156 0.05164193734526634
157 0.04411836341023445
158 0.05787929520010948
159 0.05726241692900658
160 0.0704173743724823
161 0.06356852501630783
162 0.06434130668640137
163 0.07299772650003433
164 0.06236560642719269
165 0.08363436907529831
166 0.07646734267473221
167 0.054889384657144547
168 0.08920750766992569
169 0.06249694153666496
170 0.07573141902685165
171 0.05457348749041557
172 0.05906403437256813
173 0.0596756674349308
174 0.06837804615497589
175 0.05773116275668144
176 0.0531570129096508
177 0.07073262333869934
178 0.049514323472976685
179 0.04488609358668327
180 0.06083877384662628
181 0.05958525836467743
182 0.049903128296136856
183 0.06783056259155273
184 0.05838456749916077
185 0.060421865433454514
186 0.06378333270549774
187 0.0787225142121315
188 0.0562172532081604
189 0.080817312002182
190 0.09326069802045822
191 0.05313822627067566
192 0.09740357846021652
193 0.05174019932746887
194 0.058950040489435196
195 0.0740366205573082
196 0.04846709966659546
197 0.07162604480981827
198 0.05217394232749939
199 0.05501611530780792
200 0.05742254480719566
201 0.0470665842294693
202 0.048654954880476
203 0.05674618482589722
204 0.07199827581644058
205 0.05198736488819122
206 0.07956288009881973
207 0.05514315143227577
208 0.08160850405693054
209 0.048086073249578476
210 0.05469958484172821
211 0.07498331367969513
212 0.05528734251856804
213 0.05831996724009514
214 0.08078492432832718
215 0.0558764822781086
216 0.08381129056215286
217 0.048243675380945206
218 0.050385866314172745
219 0.06654506921768188
220 0.06928026676177979
221 0.05949147418141365
222 0.05955790355801582
223 0.05835212394595146
224 0.056613873690366745
225 0.05822690203785896
226 0.06870963424444199
227 0.06041421368718147
228 0.05458807945251465
229 0.0583997517824173
230 0.05250811204314232
231 0.06007525324821472
232 0.06729397177696228
233 0.05351279675960541
234 0.05773642659187317
235 0.07317319512367249
236 0.05919507518410683
237 0.04601969197392464
238 0.05495230481028557
239 0.05380744859576225
240 0.06411859393119812
241 0.06933001428842545
242 0.05653727054595947
243 0.06785589456558228
244 0.06906967610120773
245 0.06054463982582092
246 0.04696742072701454
247 0.05933539941906929
248 0.07006751745939255
249 0.06516741961240768
250 0.04694401100277901
251 0.04793955758213997
252 0.0591609925031662
253 0.06361104547977448
254 0.05700715258717537
255 0.04686189815402031
256 0.05009259283542633
257 0.046206582337617874
258 0.04899868741631508
259 0.05258148908615112
260 0.06507009267807007
261 0.06032603979110718
262 0.05525825917720795
263 0.04406735301017761
264 0.05440589785575867
265 0.05372542515397072
266 0.060347627848386765
267 0.049957599490880966
268 0.053153250366449356
269 0.04763465002179146
270 0.049569759517908096
271 0.05260644853115082
272 0.04936080798506737
273 0.051845282316207886
274 0.06147385761141777
275 0.04560485854744911
276 0.07033035159111023
277 0.05277912691235542
278 0.05624799057841301
279 0.05000146105885506
280 0.05132896825671196
281 0.054467517882585526
282 0.06293419748544693
283 0.060076694935560226
284 0.04631892964243889
285 0.0617535300552845
286 0.05414086952805519
287 0.06181614473462105
288 0.04921026527881622
289 0.05044630169868469
290 0.04035302624106407
291 0.052436038851737976
292 0.053229767829179764
293 0.04669894650578499
294 0.05325426533818245
295 0.0557217113673687
296 0.04442598298192024
297 0.05686812475323677
298 0.06111355498433113
299 0.05528197064995766
300 0.0491669736802578
301 0.058028772473335266
302 0.053920526057481766
303 0.060965996235609055
304 0.0633435919880867
305 0.048912569880485535
306 0.06282711029052734
307 0.060828495770692825
308 0.05111953243613243
309 0.06689167022705078
310 0.04257264360785484
311 0.06978929787874222
312 0.05966286361217499
313 0.0474703311920166
314 0.05816565081477165
315 0.051351528614759445
316 0.054396674036979675
317 0.061924200505018234
318 0.055348124355077744
319 0.06414642184972763
320 0.05429423227906227
321 0.0495329312980175
322 0.04902512952685356
323 0.04516967758536339
324 0.04938526824116707
325 0.0829325020313263
326 0.04896936193108559
327 0.06849125772714615
328 0.05236239358782768
329 0.05259983614087105
330 0.061226487159729004
331 0.04522780701518059
332 0.06272350251674652
333 0.0503697544336319
334 0.06544224917888641
335 0.05038401484489441
336 0.05337105691432953
337 0.05367014929652214
338 0.0616719126701355
339 0.05066010355949402
340 0.05546310544013977
341 0.045084208250045776
342 0.0487208217382431
343 0.04742588475346565
344 0.052774012088775635
345 0.04676205292344093
346 0.06339190155267715
347 0.048189353197813034
348 0.04306958243250847
349 0.051182642579078674
350 0.05919337272644043
351 0.05578567460179329
352 0.05015772581100464
353 0.0544578917324543
354 0.05955927073955536
355 0.06133880093693733
356 0.05773857235908508
357 0.04803575947880745
358 0.06009797379374504
359 0.0585695318877697
360 0.05848013982176781
361 0.05055722966790199
362 0.05666081979870796
363 0.06377943605184555
364 0.04434529319405556
365 0.047315046191215515
366 0.05421605706214905
367 0.06004660204052925
368 0.05437442660331726
369 0.05970323458313942
370 0.057774271816015244
371 0.04858114942908287
372 0.04874420166015625
373 0.0583355613052845
374 0.050975993275642395
375 0.07785740494728088
376 0.06959203630685806
377 0.06129413843154907
378 0.07734023779630661
379 0.06615828722715378
380 0.06300242990255356
381 0.0848650336265564
382 0.05120595917105675
383 0.0783383771777153
384 0.04866102710366249
385 0.05705832317471504
386 0.06908989697694778
387 0.05658425763249397
388 0.05926017090678215
389 0.05783544108271599
390 0.06364469975233078
391 0.07329922914505005
392 0.05694545432925224
393 0.06781977415084839
394 0.05735551193356514
395 0.06998679786920547
396 0.08481898158788681
397 0.04882613196969032
398 0.05483436957001686
399 0.055442925542593
400 0.05065874755382538
401 0.05544346198439598
402 0.053131554275751114
403 0.05330638960003853
404 0.05138372257351875
405 0.04576718807220459
406 0.043197065591812134
407 0.06142120435833931
408 0.05669451877474785
409 0.04440489411354065
410 0.05614015832543373
411 0.05847279727458954
412 0.052125483751297
413 0.06077752634882927
414 0.04639209806919098
415 0.06043500080704689
416 0.04803774878382683
417 0.05624618008732796
418 0.05633469298481941
419 0.04935889318585396
420 0.05639088153839111
421 0.05268566310405731
422 0.06161544844508171
423 0.06927815824747086
424 0.05616596341133118
425 0.06143602728843689
426 0.05762527883052826
427 0.060232486575841904
428 0.05308898910880089
429 0.04032108187675476
430 0.06449717283248901
431 0.043204981833696365
432 0.05789618566632271
433 0.03648125007748604
434 0.05328410863876343
435 0.055241912603378296
436 0.0477350689470768
437 0.059213101863861084
438 0.05632336065173149
439 0.040560778230428696
440 0.06251374632120132
441 0.05031907558441162
442 0.0553864948451519
443 0.05385148897767067
444 0.049317944794893265
445 0.04819498583674431
446 0.05057092383503914
447 0.055108845233917236
448 0.06030906364321709
449 0.05717970058321953
450 0.055638089776039124
451 0.05605678632855415
452 0.054300516843795776
453 0.06038352847099304
454 0.05331908538937569
455 0.046412497758865356
456 0.06180329620838165
457 0.04810405150055885
458 0.05979922041296959
459 0.06674566864967346
460 0.05243862792849541
461 0.06363388895988464
462 0.05311909317970276
463 0.04833922162652016
464 0.06496888399124146
465 0.05836719274520874
466 0.05851602181792259
467 0.06332812458276749
468 0.05364586412906647
469 0.07582122832536697
470 0.056395024061203
471 0.0660153403878212
472 0.06010265648365021
473 0.06410477310419083
474 0.06749258190393448
475 0.07100746780633926
476 0.06683715432882309
477 0.06623602658510208
478 0.05599674582481384
479 0.05263187363743782
480 0.053857024759054184
481 0.06740522384643555
482 0.055917900055646896
483 0.07012339681386948
484 0.04604233428835869
485 0.06178060173988342
486 0.05293678864836693
487 0.06702807545661926
488 0.0546695701777935
489 0.05292576178908348
490 0.06191009283065796
491 0.04443900287151337
492 0.05584663525223732
493 0.0548967607319355
494 0.05376364663243294
495 0.07242231070995331
496 0.04933145269751549
497 0.04662671312689781
498 0.07570096105337143
499 0.0685659870505333
500 0.0722900852560997
501 0.06854582577943802
502 0.06265708804130554
503 0.04106620326638222
504 0.05114424228668213
505 0.06511341780424118
506 0.05868514999747276
507 0.05287693440914154
508 0.07880524545907974
509 0.07006486505270004
510 0.05329078808426857
511 0.04947390779852867
512 0.08491940051317215
513 0.05302995815873146
514 0.07745148241519928
515 0.058685507625341415
516 0.050247590988874435
517 0.053616076707839966
518 0.06439495831727982
519 0.052418991923332214
520 0.06634660810232162
521 0.04761434718966484
522 0.05036482587456703
523 0.06160036846995354
524 0.0498679019510746
525 0.06351923197507858
526 0.05443958565592766
527 0.04795420169830322
528 0.0657576248049736
529 0.05761575326323509
530 0.05166029930114746
531 0.05514272674918175
532 0.050924330949783325
533 0.0577375590801239
534 0.05193544924259186
535 0.05816391482949257
536 0.0757310763001442
537 0.06137774512171745
538 0.049826111644506454
539 0.06100769713521004
540 0.06261560320854187
541 0.0620882548391819
542 0.09022674709558487
543 0.08071289211511612
544 0.06003180518746376
545 0.06187516078352928
546 0.09605594724416733
547 0.05462438985705376
548 0.06127459928393364
549 0.07903289049863815
550 0.05194132402539253
551 0.0525476448237896
552 0.07639435678720474
553 0.08410968631505966
554 0.04364319518208504
555 0.06250067055225372
556 0.07753139734268188
557 0.05452219769358635
558 0.06120746210217476
559 0.07144901901483536
560 0.04483240470290184
561 0.04887360334396362
562 0.05832982435822487
563 0.05111932381987572
564 0.058987151831388474
565 0.053990986198186874
566 0.04935258626937866
567 0.048404935747385025
568 0.05581158772110939
569 0.05161556601524353
570 0.04802914336323738
571 0.052378665655851364
572 0.04764721170067787
573 0.053029973059892654
574 0.06238836422562599
575 0.04760350286960602
576 0.04905593767762184
577 0.045904066413640976
578 0.0469629168510437
579 0.05303959175944328
580 0.04936114326119423
581 0.05204664170742035
582 0.04900756850838661
583 0.046634491533041
584 0.04605855420231819
585 0.0608704648911953
586 0.0452328622341156
587 0.05305318161845207
588 0.051449745893478394
589 0.04155075177550316
590 0.04823684319853783
591 0.05647510662674904
592 0.05958559736609459
593 0.04736368730664253
594 0.05340354144573212
595 0.047202218323946
596 0.049173060804605484
597 0.05200931057333946
598 0.053301852196455
599 0.04912424087524414
600 0.05647749826312065
601 0.051377881318330765
602 0.05745840445160866
603 0.04431118443608284
604 0.05397621914744377
605 0.05122220888733864
606 0.053807031363248825
607 0.0481572262942791
608 0.046730440109968185
609 0.03868967667222023
610 0.04845321178436279
611 0.050533998757600784
612 0.05116414651274681
613 0.051571328192949295
614 0.0640719011425972
615 0.05339054390788078
616 0.04515697434544563
617 0.05444401502609253
618 0.056555915623903275
619 0.04982749745249748
620 0.057828158140182495
621 0.05505877733230591
622 0.06102873384952545
623 0.0440361313521862
624 0.06506486982107162
625 0.05816526710987091
626 0.04815007373690605
627 0.047842685133218765
628 0.04238424822688103
629 0.050784219056367874
630 0.056193169206380844
631 0.05341954156756401
632 0.04519437626004219
633 0.05622333288192749
634 0.04778054356575012
635 0.051547884941101074
636 0.03488754853606224
637 0.04221346601843834
638 0.043348345905542374
639 0.0481373630464077
640 0.051137492060661316
641 0.0551365502178669
642 0.0652938112616539
643 0.048704907298088074
644 0.05778726935386658
645 0.04497959837317467
646 0.048442620784044266
647 0.053031276911497116
648 0.05107523500919342
649 0.0546870119869709
650 0.052048459649086
651 0.05529315397143364
652 0.04795356094837189
653 0.04415036365389824
654 0.040540408343076706
655 0.05044671893119812
656 0.04745589569211006
657 0.050061289221048355
658 0.04813216254115105
659 0.05050365626811981
660 0.054523810744285583
661 0.04191556200385094
662 0.05764925479888916
663 0.06016094610095024
664 0.05534273013472557
665 0.03798957169055939
666 0.05091354250907898
667 0.04453764483332634
668 0.05633946880698204
669 0.055548131465911865
670 0.05206824466586113
671 0.06806185096502304
672 0.05221983417868614
673 0.04306619241833687
674 0.039510298520326614
675 0.04011831432580948
676 0.048181500285863876
677 0.045388564467430115
678 0.053542885929346085
679 0.056638628244400024
680 0.041200894862413406
681 0.05530862510204315
682 0.051667362451553345
683 0.04561479389667511
684 0.040526170283555984
685 0.05627058446407318
686 0.048437416553497314
687 0.03881893679499626
688 0.04078705236315727
689 0.04780666530132294
690 0.040563058108091354
691 0.044181834906339645
692 0.04311516880989075
693 0.05006607249379158
694 0.04980849847197533
695 0.05733940377831459
696 0.05517198517918587
697 0.05242868885397911
698 0.0552634596824646
699 0.05688994750380516
700 0.06843987852334976
701 0.04317330941557884
702 0.06337185949087143
703 0.045524612069129944
704 0.04937093332409859
705 0.053615719079971313
706 0.04769684374332428
707 0.07391209900379181
708 0.05581694468855858
709 0.06588766723871231
710 0.04867447540163994
711 0.05217285454273224
712 0.06709779053926468
713 0.04679219052195549
714 0.047613661736249924
715 0.046182889491319656
716 0.04828871414065361
717 0.045691441744565964
718 0.06295838207006454
719 0.052658189088106155
720 0.05973200127482414
721 0.058435190469026566
722 0.042061030864715576
723 0.061376482248306274
724 0.0560840368270874
725 0.046626389026641846
726 0.05072537064552307
727 0.06114153191447258
728 0.0696355476975441
729 0.0436650812625885
730 0.06923677772283554
731 0.07825407385826111
732 0.04293407127261162
733 0.054847389459609985
734 0.06323037296533585
735 0.06292600184679031
736 0.07122018933296204
737 0.04149164631962776
738 0.04652143642306328
739 0.05197684466838837
740 0.055763524025678635
741 0.0513186939060688
742 0.04125649109482765
743 0.04414735734462738
744 0.04492313787341118
745 0.042951181530952454
746 0.03931417688727379
747 0.0409533753991127
748 0.04739636182785034
749 0.04729554057121277
750 0.04432595148682594
751 0.04774611070752144
752 0.04155982658267021
753 0.04267924651503563
754 0.041135597974061966
755 0.0461510606110096
756 0.053336769342422485
757 0.038646843284368515
758 0.047297585755586624
759 0.033104512840509415
760 0.04926593229174614
761 0.04377201199531555
762 0.04986805096268654
763 0.04143849387764931
764 0.04600284993648529
765 0.04355970025062561
766 0.04538164660334587
767 0.04100772365927696
768 0.031023720279335976
769 0.050571173429489136
770 0.03919550031423569
771 0.039138972759246826
772 0.0432036928832531
773 0.043195515871047974
774 0.04071298614144325
775 0.04088745266199112
776 0.042939651757478714
777 0.03867379575967789
778 0.040896207094192505
779 0.04422252997756004
780 0.03465719893574715
781 0.04064501076936722
782 0.034439053386449814
783 0.038715679198503494
784 0.03849802538752556
785 0.04408277943730354
786 0.0408601276576519
787 0.03961685299873352
788 0.05047275125980377
789 0.044622812420129776
790 0.05042368546128273
791 0.04413553699851036
792 0.04662896320223808
793 0.03953664004802704
794 0.04840143397450447
795 0.044157255440950394
796 0.036392245441675186
797 0.034978125244379044
798 0.04513445496559143
799 0.050479333847761154
800 0.04875082150101662
801 0.04513167217373848
802 0.04129861667752266
803 0.04934507980942726
804 0.08163532614707947
805 0.0398908406496048
806 0.060970839112997055
807 0.06067382171750069
808 0.04543149098753929
809 0.03719571605324745
810 0.049726396799087524
811 0.04127201810479164
812 0.05173194408416748
813 0.05161398649215698
814 0.035780828446149826
815 0.05116237327456474
816 0.048105012625455856
817 0.04759135842323303
818 0.04758729413151741
819 0.04785047098994255
820 0.05745474621653557
821 0.0527910441160202
822 0.03890267759561539
823 0.04722331091761589
824 0.0572715699672699
825 0.049644406884908676
826 0.04240924492478371
827 0.06690818071365356
828 0.048683881759643555
829 0.04297797009348869
830 0.042228713631629944
831 0.0469474196434021
832 0.05814026668667793
833 0.044532790780067444
834 0.04016117751598358
835 0.045902129262685776
836 0.05316062271595001
837 0.041736479848623276
838 0.03679759427905083
839 0.040161434561014175
840 0.044396910816431046
841 0.0409729927778244
842 0.046204518526792526
843 0.04614831879734993
844 0.04717639088630676
845 0.03626912459731102
846 0.03278597816824913
847 0.041815295815467834
848 0.03992762789130211
849 0.040126629173755646
850 0.03208677098155022
851 0.03481847047805786
852 0.03728269413113594
853 0.03927148878574371
854 0.02986210770905018
855 0.03553586080670357
856 0.03839801624417305
857 0.03660048171877861
858 0.04204836115241051
859 0.037830766290426254
860 0.03877796232700348
861 0.03292999789118767
862 0.036664512008428574
863 0.04249653220176697
864 0.0389416329562664
865 0.038843441754579544
866 0.036707550287246704
867 0.05271102115511894
868 0.041391771286726
869 0.05252257362008095
870 0.048358406871557236
871 0.04330555722117424
872 0.057896580547094345
873 0.05320200324058533
874 0.050815094262361526
875 0.054161589592695236
876 0.042807042598724365
877 0.04458389803767204
878 0.044835761189460754
879 0.05951322242617607
880 0.04811674728989601
881 0.046551238745450974
882 0.05537263676524162
883 0.046152934432029724
884 0.04030614718794823
885 0.049543675035238266
886 0.03709561005234718
887 0.040382836014032364
888 0.03999428451061249
889 0.03887781873345375
890 0.03827085345983505
891 0.03963819146156311
892 0.03540648892521858
893 0.034993093460798264
894 0.04275093600153923
895 0.04780998453497887
896 0.03517322242259979
897 0.04406096413731575
898 0.04669350013136864
899 0.03471710905432701
900 0.032376814633607864
901 0.049653515219688416
902 0.04424689710140228
903 0.041756514459848404
904 0.036697838455438614
905 0.03569520637392998
906 0.041433751583099365
907 0.03883513808250427
908 0.054933298379182816
909 0.04971190169453621
910 0.03848142921924591
911 0.039203207939863205
912 0.037124812602996826
913 0.03078797273337841
914 0.03883254900574684
915 0.049288060516119
916 0.03688742220401764
917 0.037147652357816696
918 0.04246562719345093
919 0.03069704957306385
920 0.03348195552825928
921 0.04447466507554054
922 0.03629808872938156
923 0.04715534672141075
924 0.049265336245298386
925 0.04028356447815895
926 0.04164903983473778
927 0.0388348363339901
928 0.03429596126079559
929 0.03679506108164787
930 0.03692637011408806
931 0.03686906397342682
932 0.04108539596199989
933 0.033343780785799026
934 0.04550127685070038
935 0.03642164543271065
936 0.038163088262081146
937 0.05444670841097832
938 0.03820940479636192
939 0.04127899184823036
940 0.03984440863132477
941 0.033965885639190674
942 0.04476185142993927
943 0.052251171320676804
944 0.03048851527273655
945 0.04393629729747772
946 0.04218025133013725
947 0.0441456101834774
948 0.04024413600564003
949 0.037664223462343216
950 0.03264279291033745
951 0.032469023019075394
952 0.0475941002368927
953 0.04252937063574791
954 0.039935436099767685
955 0.03292587772011757
956 0.031669069081544876
957 0.037943288683891296
958 0.03843339905142784
959 0.035973645746707916
960 0.029759498313069344
961 0.04327000677585602
962 0.03552992269396782
963 0.03640193119645119
964 0.03964778780937195
965 0.04072198271751404
966 0.04777085408568382
967 0.0459761880338192
968 0.04277323558926582
969 0.03968352451920509
970 0.03588271513581276
971 0.03567098081111908
972 0.04377385601401329
973 0.03669748082756996
974 0.028541846200823784
975 0.0399915985763073
976 0.045484233647584915
977 0.035272080451250076
978 0.032682523131370544
979 0.035983625799417496
980 0.03596558794379234
981 0.03711065277457237
982 0.04010521247982979
983 0.033734407275915146
984 0.04100525751709938
985 0.03588690236210823
986 0.04251052811741829
987 0.05017775297164917
988 0.04326080158352852
989 0.05454942584037781
990 0.037312205880880356
991 0.04437661170959473
992 0.029935846105217934
993 0.04098879173398018
994 0.041411615908145905
995 0.054827045649290085
996 0.030254075303673744
997 0.037299610674381256
998 0.03445815667510033
999 0.03880242630839348
1000 0.051961883902549744
1001 0.04742470756173134
1002 0.04240444302558899
1003 0.04342420771718025
1004 0.043912578374147415
1005 0.044162020087242126
1006 0.056414246559143066
1007 0.03878718614578247
1008 0.06260381639003754
1009 0.048945311456918716
1010 0.037580762058496475
1011 0.040134694427251816
1012 0.04295329377055168
1013 0.04525132477283478
1014 0.045968469232320786
1015 0.0426495261490345
1016 0.04841756820678711
1017 0.04780741035938263
1018 0.03541821613907814
1019 0.04116688668727875
1020 0.03797446936368942
1021 0.04663201794028282
1022 0.040689364075660706
1023 0.03918415307998657
1024 0.034352123737335205
1025 0.0357779897749424
1026 0.047122079879045486
1027 0.03911853954195976
1028 0.049566108733415604
1029 0.06511377543210983
1030 0.03340182825922966
1031 0.044524896889925
1032 0.08163691312074661
1033 0.043087031692266464
1034 0.04724162444472313
1035 0.058490652590990067
1036 0.03304528817534447
1037 0.03456619754433632
1038 0.04898598790168762
1039 0.04753259941935539
1040 0.042024388909339905
1041 0.0504101999104023
1042 0.04055003449320793
1043 0.04329242929816246
1044 0.030746495351195335
1045 0.03467479720711708
1046 0.03287239000201225
1047 0.04092811793088913
1048 0.034120865166187286
1049 0.05108046904206276
1050 0.05405937507748604
1051 0.052216943353414536
1052 0.05865805968642235
1053 0.06460147351026535
1054 0.06981312483549118
1055 0.05511212348937988
1056 0.047307875007390976
1057 0.0514141321182251
1058 0.04168995842337608
1059 0.05788451433181763
1060 0.052056822925806046
1061 0.052859365940093994
1062 0.043878283351659775
1063 0.0489773266017437
1064 0.044730547815561295
1065 0.0401640385389328
1066 0.043952059000730515
1067 0.03760700300335884
1068 0.04513491690158844
1069 0.03433768078684807
1070 0.04533784091472626
1071 0.0474608838558197
1072 0.054199498146772385
1073 0.03290842846035957
1074 0.03242896869778633
1075 0.04604991897940636
1076 0.03442065045237541
1077 0.05291300639510155
1078 0.04134594276547432
1079 0.04058564826846123
1080 0.042584702372550964
1081 0.0424780547618866
1082 0.03345172479748726
1083 0.04631375893950462
1084 0.04069674387574196
1085 0.03676368296146393
1086 0.04603239893913269
1087 0.03377670794725418
1088 0.031497132033109665
1089 0.043812673538923264
1090 0.03544120118021965
1091 0.04738185927271843
1092 0.04624565318226814
1093 0.0452483706176281
1094 0.03300614282488823
1095 0.050601404160261154
1096 0.03734127804636955
1097 0.046200621873140335
1098 0.03666560351848602
1099 0.03931409493088722
1100 0.044036198407411575
1101 0.03872762620449066
1102 0.036560699343681335
1103 0.036674488335847855
1104 0.046236302703619
1105 0.0512518472969532
1106 0.03932726010680199
1107 0.04677722230553627
1108 0.04953421652317047
1109 0.036853644996881485
1110 0.04736518859863281
1111 0.041928064078092575
1112 0.03903593122959137
1113 0.04231538996100426
1114 0.04252062365412712
1115 0.04068379104137421
1116 0.04360527917742729
1117 0.05935214087367058
1118 0.04652242735028267
1119 0.05274499952793121
1120 0.04746571183204651
1121 0.04077134281396866
1122 0.04092557728290558
1123 0.05061009153723717
1124 0.04388999566435814
1125 0.0376790352165699
1126 0.04166032001376152
1127 0.0668925940990448
1128 0.0349578894674778
1129 0.04771078750491142
1130 0.04254329204559326
1131 0.04017439857125282
1132 0.043252721428871155
1133 0.03548755869269371
1134 0.0359407514333725
1135 0.03966175392270088
1136 0.04101034626364708
1137 0.03703232482075691
1138 0.04025084152817726
1139 0.034544575959444046
1140 0.032288867980241776
1141 0.03374246880412102
1142 0.03343537077307701
1143 0.04056912288069725
1144 0.03805069997906685
1145 0.03249305859208107
1146 0.0350041389465332
1147 0.0344262458384037
1148 0.05246614292263985
1149 0.03327668830752373
1150 0.035343367606401443
1151 0.0421505868434906
1152 0.039543505758047104
1153 0.03670480474829674
1154 0.033818792551755905
1155 0.03483724594116211
1156 0.03880904242396355
1157 0.04052179679274559
1158 0.033129964023828506
1159 0.03838532790541649
1160 0.03673557564616203
1161 0.04356154426932335
1162 0.0357133187353611
1163 0.037301141768693924
1164 0.03385194391012192
1165 0.045607130974531174
1166 0.04910217225551605
1167 0.04970960319042206
1168 0.03762708976864815
1169 0.04366050660610199
1170 0.04242395982146263
1171 0.03627784177660942
1172 0.048413440585136414
1173 0.03888702392578125
1174 0.03800765797495842
1175 0.039423078298568726
1176 0.039952535182237625
1177 0.04162350296974182
1178 0.035258520394563675
1179 0.0390712171792984
1180 0.03453124687075615
1181 0.03572509065270424
1182 0.03749676048755646
1183 0.042903829365968704
1184 0.03333956375718117
1185 0.03396698832511902
1186 0.04502548649907112
1187 0.03840714320540428
1188 0.04048915207386017
1189 0.038652706891298294
1190 0.040074024349451065
1191 0.03756669908761978
1192 0.036346450448036194
1193 0.03000948578119278
1194 0.04055795446038246
1195 0.039811018854379654
1196 0.03170829638838768
1197 0.037404146045446396
1198 0.03748707100749016
1199 0.03587183356285095
1200 0.03599483147263527
1201 0.042357489466667175
1202 0.04023807495832443
1203 0.039443593472242355
1204 0.04293915629386902
1205 0.03476208820939064
1206 0.0377337746322155
1207 0.038183461874723434
1208 0.045943621546030045
1209 0.03769936412572861
1210 0.03371230885386467
1211 0.040781449526548386
1212 0.04139881953597069
1213 0.03809243068099022
1214 0.03304259106516838
1215 0.03673863783478737
1216 0.04178254306316376
1217 0.045910030603408813
1218 0.031835660338401794
1219 0.036245815455913544
1220 0.035492073744535446
1221 0.0330071784555912
1222 0.03973410651087761
1223 0.03730523958802223
1224 0.03586473688483238
1225 0.037686001509428024
1226 0.03596898540854454
1227 0.03330081328749657
1228 0.046395715326070786
1229 0.040221165865659714
1230 0.04770547151565552
1231 0.03902188315987587
1232 0.0434783436357975
1233 0.042364995926618576
1234 0.035337772220373154
1235 0.04469560086727142
1236 0.03966161236166954
1237 0.04388552904129028
1238 0.030222376808524132
1239 0.03551916778087616
1240 0.042354244738817215
1241 0.03899828717112541
1242 0.03805118799209595
1243 0.03945096209645271
1244 0.03461817279458046
1245 0.03123345971107483
1246 0.03493105620145798
1247 0.032877832651138306
1248 0.029798394069075584
1249 0.03198140487074852
1250 0.03316858783364296
1251 0.0429583378136158
1252 0.032151609659194946
1253 0.039185021072626114
1254 0.04814431071281433
1255 0.03023565374314785
1256 0.038481395691633224
1257 0.05049237236380577
1258 0.03427143767476082
1259 0.03892029821872711
1260 0.040336593985557556
1261 0.02118851989507675
1262 0.04123857989907265
1263 0.05835329368710518
1264 0.039691053330898285
1265 0.04236815869808197
1266 0.031839605420827866
1267 0.03326302766799927
1268 0.038937103003263474
1269 0.04078860208392143
1270 0.03617436811327934
1271 0.033703532069921494
1272 0.03882874175906181
1273 0.032522525638341904
1274 0.03740059211850166
1275 0.036480557173490524
1276 0.03677934408187866
1277 0.04101457819342613
1278 0.033723752945661545
1279 0.03760737180709839
1280 0.03655616194009781
1281 0.03176422044634819
1282 0.03784560412168503
1283 0.03481674939393997
1284 0.02941569685935974
1285 0.03997945785522461
1286 0.038753949105739594
1287 0.03488900512456894
1288 0.04508328437805176
1289 0.03951267525553703
1290 0.04288098216056824
1291 0.04178151115775108
1292 0.0437178760766983
1293 0.03438343480229378
1294 0.034603629261255264
1295 0.03036944381892681
1296 0.03497699275612831
1297 0.037129420787096024
1298 0.036081504076719284
1299 0.0396624356508255
1300 0.03715282306075096
1301 0.03790731355547905
1302 0.03675408288836479
1303 0.029056238010525703
1304 0.04495721682906151
1305 0.037408098578453064
1306 0.03380126133561134
1307 0.0314524881541729
1308 0.04334546998143196
1309 0.034408193081617355
1310 0.040942639112472534
1311 0.036828797310590744
1312 0.031465306878089905
1313 0.03404014930129051
1314 0.029566623270511627
1315 0.03754008188843727
1316 0.031742166727781296
1317 0.03934483230113983
1318 0.035948220640420914
1319 0.0354299433529377
1320 0.03362775593996048
1321 0.0346701443195343
1322 0.03560246154665947
1323 0.03842147812247276
1324 0.037053562700748444
1325 0.039653677493333817
1326 0.042004700750112534
1327 0.03115057200193405
1328 0.042774830013513565
1329 0.03379998356103897
1330 0.030716458335518837
1331 0.03826688975095749
1332 0.047587450593709946
1333 0.05547872185707092
1334 0.03329791501164436
1335 0.04946978762745857
1336 0.06354715675115585
1337 0.05034162476658821
1338 0.03554036468267441
1339 0.06110641360282898
1340 0.04916862025856972
1341 0.04578447341918945
1342 0.03854556754231453
1343 0.07141543179750443
1344 0.046885401010513306
1345 0.055843036621809006
1346 0.050080180168151855
1347 0.04948033019900322
1348 0.04826631769537926
1349 0.041486144065856934
1350 0.07326982915401459
1351 0.053717080503702164
1352 0.04819506034255028
1353 0.03723825141787529
1354 0.049595266580581665
1355 0.0441637821495533
1356 0.038861945271492004
1357 0.04130451753735542
1358 0.05142614617943764
1359 0.050774913281202316
1360 0.04809574410319328
1361 0.04555452987551689
1362 0.047207221388816833
1363 0.03771825507283211
1364 0.04119270294904709
1365 0.04040878638625145
1366 0.043285999447107315
1367 0.042838383466005325
1368 0.03659895807504654
1369 0.03605043143033981
1370 0.04008844867348671
1371 0.030861830338835716
1372 0.03937673196196556
1373 0.03185496851801872
1374 0.043249938637018204
1375 0.03665795549750328
1376 0.04136423394083977
1377 0.04678316041827202
1378 0.04614126682281494
1379 0.03777855634689331
1380 0.03304605185985565
1381 0.03347327932715416
1382 0.0398237518966198
1383 0.03271668031811714
1384 0.039251092821359634
1385 0.043717801570892334
1386 0.05124589800834656
1387 0.04803228750824928
1388 0.04111756011843681
1389 0.04823976382613182
1390 0.05129796266555786
1391 0.039121825248003006
1392 0.036408018320798874
1393 0.03342464193701744
1394 0.04000174626708031
1395 0.04367135837674141
1396 0.037378717213869095
1397 0.0636381208896637
1398 0.03429124876856804
1399 0.05016486719250679
1400 0.05998505651950836
1401 0.04839532449841499
1402 0.04986736178398132
1403 0.06072740629315376
1404 0.07037501782178879
1405 0.0474715530872345
1406 0.042754996567964554
1407 0.0389447845518589
1408 0.042889922857284546
1409 0.046165645122528076
1410 0.0411749966442585
1411 0.03647775948047638
1412 0.04510507360100746
1413 0.038754478096961975
1414 0.04883750155568123
1415 0.05002352595329285
1416 0.0417061448097229
1417 0.036380667239427567
1418 0.033307768404483795
1419 0.03543533384799957
1420 0.03729458525776863
1421 0.036965206265449524
1422 0.03924647346138954
1423 0.0340445339679718
1424 0.03880331292748451
1425 0.034888219088315964
1426 0.033915240317583084
1427 0.036793313920497894
1428 0.0416228212416172
1429 0.03667956218123436
1430 0.03443009778857231
1431 0.04017985239624977
1432 0.045150164514780045
1433 0.03236418962478638
1434 0.029439901933073997
1435 0.042998865246772766
1436 0.030660592019557953
1437 0.04654486104846001
1438 0.04611721634864807
1439 0.04506824538111687
1440 0.04379772022366524
1441 0.03318677842617035
1442 0.03502296283841133
1443 0.038101617246866226
1444 0.040117185562849045
1445 0.03793000802397728
1446 0.04333090782165527
1447 0.04023560509085655
1448 0.04219796881079674
1449 0.030880609527230263
1450 0.03761960566043854
1451 0.035150472074747086
1452 0.02851029671728611
1453 0.04336410388350487
1454 0.040479596704244614
1455 0.04856325313448906
1456 0.046299710869789124
1457 0.0462641716003418
1458 0.036235447973012924
1459 0.031121209263801575
1460 0.0433221161365509
1461 0.037789661437273026
1462 0.040696483105421066
1463 0.040042005479335785
1464 0.0348258838057518
1465 0.03312009572982788
1466 0.04040922597050667
1467 0.03497304767370224
1468 0.034840766340494156
1469 0.04008713737130165
1470 0.0377846397459507
1471 0.03205268457531929
1472 0.03673820197582245
1473 0.03889305517077446
1474 0.039300378412008286
1475 0.034174855798482895
1476 0.03473024442791939
1477 0.02817692421376705
1478 0.045267727226018906
1479 0.03854459524154663
1480 0.04271743819117546
1481 0.03643031045794487
1482 0.040112804621458054
1483 0.03919798135757446
1484 0.040953051298856735
1485 0.03680352121591568
1486 0.04053084924817085
1487 0.03413117304444313
1488 0.035898737609386444
1489 0.045715395361185074
1490 0.035964056849479675
1491 0.034605398774147034
1492 0.035891588777303696
1493 0.040136173367500305
1494 0.03143976256251335
1495 0.03953278064727783
1496 0.04104498773813248
1497 0.037023767828941345
1498 0.03409362956881523
1499 0.048252835869789124
1500 0.0455036461353302
1501 0.03270407021045685
1502 0.03397197276353836
1503 0.041707176715135574
1504 0.034223683178424835
1505 0.03675499185919762
1506 0.04937964305281639
1507 0.03641346096992493
1508 0.03578263893723488
1509 0.03688544034957886
1510 0.031738221645355225
1511 0.03483152762055397
1512 0.03984704986214638
1513 0.044880613684654236
1514 0.03928926959633827
1515 0.04800856485962868
1516 0.03817007318139076
1517 0.05287936329841614
1518 0.04122353345155716
1519 0.03324923291802406
1520 0.042118966579437256
1521 0.0619128942489624
1522 0.041694220155477524
1523 0.03549118712544441
1524 0.04468467831611633
1525 0.03810541704297066
1526 0.0358363576233387
1527 0.04229027032852173
1528 0.041143883019685745
1529 0.036399614065885544
1530 0.04097992926836014
1531 0.045103710144758224
1532 0.04042625054717064
1533 0.04020203277468681
1534 0.043942105025053024
1535 0.05633515492081642
1536 0.040028683841228485
1537 0.036974236369132996
1538 0.055776070803403854
1539 0.04256090894341469
1540 0.02532036416232586
1541 0.04131903126835823
1542 0.049266401678323746
1543 0.03811085596680641
1544 0.033256858587265015
1545 0.04035599157214165
1546 0.04810481145977974
1547 0.04747466742992401
1548 0.03433328866958618
1549 0.0408894345164299
1550 0.03993142023682594
1551 0.038800448179244995
1552 0.0391712486743927
1553 0.02768370322883129
1554 0.046035781502723694
1555 0.03045891970396042
1556 0.03903798758983612
1557 0.035609375685453415
1558 0.04500000551342964
1559 0.03547518700361252
1560 0.039478253573179245
1561 0.028285546228289604
1562 0.03727060928940773
1563 0.041861142963171005
1564 0.04149568825960159
1565 0.0403350330889225
1566 0.030456429347395897
1567 0.03630976006388664
1568 0.0388757549226284
1569 0.03494993597269058
1570 0.036568839102983475
1571 0.03583216667175293
1572 0.03692583739757538
1573 0.03158145025372505
1574 0.044582266360521317
1575 0.033254384994506836
1576 0.03614925965666771
1577 0.04649830982089043
1578 0.04042162001132965
1579 0.04165360704064369
1580 0.05927663668990135
1581 0.03033522702753544
1582 0.035817984491586685
1583 0.031110892072319984
1584 0.03376266732811928
1585 0.03592328727245331
1586 0.03195628896355629
1587 0.04097585752606392
1588 0.03605608269572258
1589 0.039957478642463684
1590 0.03434227779507637
1591 0.031519565731287
1592 0.03638530150055885
1593 0.03933710604906082
1594 0.041764676570892334
1595 0.03645234555006027
1596 0.029836727306246758
1597 0.045883987098932266
1598 0.03738674893975258
1599 0.039338018745183945
1600 0.033679742366075516
1601 0.03345748037099838
1602 0.03602585196495056
1603 0.03302857652306557
1604 0.0369662381708622
1605 0.05034518614411354
1606 0.04948984086513519
1607 0.03714434430003166
1608 0.032298024743795395
1609 0.046985577791929245
1610 0.07042539864778519
1611 0.03165857493877411
1612 0.031951889395713806
1613 0.05391313135623932
1614 0.04863870143890381
1615 0.029484979808330536
1616 0.042787421494722366
1617 0.04717858135700226
1618 0.031392235308885574
1619 0.03702082484960556
1620 0.039377834647893906
1621 0.03547295928001404
1622 0.048822153359651566
1623 0.04004723206162453
1624 0.040302667766809464
1625 0.049587469547986984
1626 0.04841415211558342
1627 0.04034743085503578
1628 0.035309962928295135
1629 0.04065294936299324
1630 0.04115999862551689
1631 0.04023640602827072
1632 0.03294845670461655
1633 0.040932219475507736
1634 0.04808222874999046
1635 0.038947027176618576
1636 0.032999951392412186
1637 0.0437038354575634
1638 0.04088425263762474
1639 0.03712725266814232
1640 0.03422079607844353
1641 0.03734830766916275
1642 0.031078195199370384
1643 0.03413134440779686
1644 0.03483765572309494
1645 0.02550589293241501
1646 0.03429308533668518
1647 0.03579699620604515
1648 0.033888254314661026
1649 0.039840321987867355
1650 0.0397077240049839
1651 0.033568207174539566
1652 0.03878825530409813
1653 0.03428921103477478
1654 0.04535587131977081
1655 0.03044719249010086
1656 0.03227674961090088
1657 0.034181009978055954
1658 0.04133274033665657
1659 0.028440212830901146
1660 0.034682709723711014
1661 0.04462249204516411
1662 0.03769763931632042
1663 0.04182545840740204
1664 0.044592875987291336
1665 0.039289914071559906
1666 0.04822984337806702
1667 0.055722564458847046
1668 0.03700723871588707
1669 0.033397696912288666
1670 0.05381239578127861
1671 0.03496493399143219
1672 0.03459552302956581
1673 0.03376571461558342
1674 0.05377167463302612
1675 0.03656940534710884
1676 0.031103791669011116
1677 0.04727858677506447
1678 0.038635868579149246
1679 0.032221633940935135
1680 0.033687058836221695
1681 0.038780152797698975
1682 0.03331783041357994
1683 0.03513874486088753
1684 0.042834073305130005
1685 0.04790870472788811
1686 0.04582686349749565
1687 0.04879414662718773
1688 0.040939636528491974
1689 0.05471561849117279
1690 0.051207855343818665
1691 0.04682282730937004
1692 0.04693664610385895
1693 0.04248800873756409
1694 0.03200666233897209
1695 0.03746068477630615
1696 0.049887221306562424
1697 0.05992141366004944
1698 0.03582174330949783
1699 0.04091145098209381
1700 0.049134355038404465
1701 0.03768548369407654
1702 0.04385950788855553
1703 0.043592650443315506
1704 0.04337945953011513
1705 0.03506210818886757
1706 0.03360394760966301
1707 0.038680803030729294
1708 0.04464465379714966
1709 0.04479303956031799
1710 0.03706737980246544
1711 0.048596564680337906
1712 0.032998520880937576
1713 0.03423367440700531
1714 0.047633055597543716
1715 0.0613349974155426
1716 0.0360371470451355
1717 0.04297558590769768
1718 0.04795362427830696
1719 0.04337124153971672
1720 0.032794419676065445
1721 0.03596502169966698
1722 0.03635702654719353
