0 0.2795603275299072
1 0.20904147624969482
2 0.14462900161743164
3 0.13445718586444855
4 0.11193720251321793
5 0.08615004271268845
6 0.04957105591893196
7 0.046315211802721024
8 0.028597911819815636
9 0.037916965782642365
10 0.03266538679599762
11 0.03241409361362457
12 0.02370673418045044
13 0.026922164484858513
14 0.02612132579088211
15 0.02649127133190632
16 0.02374688722193241
17 0.02325226552784443
18 0.022044450044631958
19 0.022682050243020058
20 0.017091814428567886
21 0.025010840967297554
22 0.026596441864967346
23 0.020553164184093475
24 0.020767714828252792
25 0.02547183819115162
26 0.017759503796696663
27 0.017927808687090874
28 0.013612419366836548
29 0.02793996036052704
30 0.014805197715759277
31 0.01481257751584053
32 0.017712345346808434
33 0.010377135127782822
34 0.02678472362458706
35 0.011672702617943287
36 0.013328284956514835
37 0.011567972600460052
38 0.011597913689911366
39 0.013864549808204174
40 0.010743576101958752
41 0.01902846060693264
42 0.010968067683279514
43 0.008990577422082424
44 0.008215401321649551
45 0.011737174354493618
46 0.010013396851718426
47 0.006872514262795448
48 0.008822674863040447
49 0.008940786123275757
50 0.01002652570605278
51 0.007358576636761427
52 0.00862762052565813
53 0.008630472235381603
54 0.007648251485079527
55 0.005760280881077051
56 0.004896807949990034
57 0.0070490650832653046
58 0.005532627925276756
59 0.007243098691105843
60 0.006765326019376516
61 0.008271093480288982
62 0.0055741555988788605
63 0.009826765395700932
64 0.007084712386131287
65 0.01225272286683321
66 0.004299257881939411
67 0.01064234972000122
68 0.008043337613344193
69 0.009077836759388447
70 0.010186159051954746
71 0.013644392602145672
72 0.010469692759215832
73 0.012013223953545094
74 0.013000953942537308
75 0.008198583498597145
76 0.013260905630886555
77 0.008076303638517857
78 0.013900143094360828
79 0.009653220884501934
80 0.006127505097538233
81 0.011596128344535828
82 0.006343695800751448
83 0.007459322456270456
84 0.005716564599424601
85 0.00458945520222187
86 0.010142747312784195
87 0.006401296239346266
88 0.008499696850776672
89 0.005252202972769737
90 0.009429280646145344
91 0.006839433219283819
92 0.007907246239483356
93 0.006308507174253464
94 0.00807263795286417
95 0.006867794785648584
96 0.007000539917498827
97 0.006543533410876989
98 0.006300461944192648
99 0.006934239994734526
100 0.0042233457788825035
101 0.008089863695204258
102 0.006608507130295038
103 0.006437747273594141
104 0.0036722784861922264
105 0.0036882401909679174
106 0.006080040708184242
107 0.007506280671805143
108 0.004879388026893139
109 0.0065699792467057705
110 0.005905592814087868
111 0.0056773703545331955
112 0.006909110117703676
113 0.005341331008821726
114 0.005899013951420784
115 0.004664641804993153
116 0.006320761516690254
117 0.006460221018642187
118 0.004989313427358866
119 0.005744223948568106
120 0.003673537401482463
121 0.004370319191366434
122 0.006228673737496138
123 0.009843447245657444
124 0.008059105835855007
125 0.0056219990365207195
126 0.009631870314478874
127 0.005844930186867714
128 0.006069151218980551
129 0.008243176154792309
130 0.010687834583222866
131 0.007462634239345789
132 0.006289196666330099
133 0.0054848953150212765
134 0.004366979468613863
135 0.0045479158870875835
136 0.005450204014778137
137 0.005150604993104935
138 0.007562404032796621
139 0.004441374447196722
140 0.004420202691107988
141 0.006877708714455366
142 0.0062669976614415646
143 0.006655973847955465
144 0.005200411658734083
145 0.006344899069517851
146 0.0046900492161512375
147 0.003715461352840066
148 0.006111767143011093
149 0.0042282771319150925
150 0.010284909047186375
151 0.005943477153778076
152 0.00772801274433732
153 0.006321272347122431
154 0.0040461160242557526
155 0.006580735091120005
156 0.00472842575982213
157 0.003222105326130986
158 0.005172708537429571
159 0.006335243117064238
160 0.008733519352972507
161 0.006657006219029427
162 0.006951346527785063
163 0.008500729687511921
164 0.007760682608932257
165 0.011325269937515259
166 0.008300414308905602
167 0.005027590319514275
168 0.01389294769614935
169 0.007312366273254156
170 0.009175187908113003
171 0.005056359339505434
172 0.005642138421535492
173 0.007903583347797394
174 0.007341116666793823
175 0.005123407579958439
176 0.004657290410250425
177 0.009220444597303867
178 0.0041700671426951885
179 0.0037500846665352583
180 0.006250953767448664
181 0.007005208637565374
182 0.004231804516166449
183 0.0069402181543409824
184 0.0052790031768381596
185 0.005450833588838577
186 0.006133627146482468
187 0.009252556599676609
188 0.005252060946077108
189 0.010539527051150799
190 0.012824741192162037
191 0.004919314291328192
192 0.01567777805030346
193 0.004630659241229296
194 0.006186399143189192
195 0.008140712976455688
196 0.004102428909391165
197 0.008641605265438557
198 0.00517611438408494
199 0.004785805940628052
200 0.005622338503599167
201 0.003947502933442593
202 0.0038079346995800734
203 0.005812766030430794
204 0.008579245768487453
205 0.0047580464743077755
206 0.010953803546726704
207 0.005467607174068689
208 0.012590092606842518
209 0.00434170663356781
210 0.005012191832065582
211 0.010549223981797695
212 0.005031363107264042
213 0.006108857691287994
214 0.011852922849357128
215 0.006607166025787592
216 0.009541107341647148
217 0.0035876429174095392
218 0.00431850366294384
219 0.007397134322673082
220 0.007955893874168396
221 0.006172700319439173
222 0.005786432418972254
223 0.00717095797881484
224 0.00558090815320611
225 0.0064447298645973206
226 0.009023821912705898
227 0.0062718684785068035
228 0.005807843059301376
229 0.006100492551922798
230 0.00495811365544796
231 0.0055541303008794785
232 0.008002297021448612
233 0.004365706350654364
234 0.005463894456624985
235 0.009565279819071293
236 0.006179711315780878
237 0.0036301445215940475
238 0.005728522781282663
239 0.0049730464816093445
240 0.006634517107158899
241 0.009023221209645271
242 0.0061755068600177765
243 0.007425065618008375
244 0.008299662731587887
245 0.00595773896202445
246 0.00396406976506114
247 0.006354294251650572
248 0.00743749039247632
249 0.0075483121909201145
250 0.003922350239008665
251 0.003846151754260063
252 0.006861020345240831
253 0.007526300381869078
254 0.005830544512718916
255 0.003781969426199794
256 0.004643031861633062
257 0.004157955292612314
258 0.004387215711176395
259 0.004393963608890772
260 0.0068646264262497425
261 0.006421622354537249
262 0.005454938393086195
263 0.0033571794629096985
264 0.0048874435015022755
265 0.006019254680722952
266 0.00587528245523572
267 0.004733445588499308
268 0.005576163064688444
269 0.0038372480776160955
270 0.00432081101462245
271 0.005293185357004404
272 0.004336059559136629
273 0.004832808393985033
274 0.007072108332067728
275 0.0034409568179398775
276 0.008800082840025425
277 0.0047243214212358
278 0.0067144096828997135
279 0.004654886666685343
280 0.004441546741873026
281 0.005523762200027704
282 0.0069785211235284805
283 0.005757077131420374
284 0.003649861318990588
285 0.00696394732221961
286 0.005788709968328476
287 0.005797732621431351
288 0.0040468210354447365
289 0.004323366563767195
290 0.00290715042501688
291 0.004534573759883642
292 0.0047548385336995125
293 0.003605450736358762
294 0.005049957428127527
295 0.005962427705526352
296 0.003650475526228547
297 0.005577570293098688
298 0.005996283143758774
299 0.005001877900213003
300 0.003645865945145488
301 0.006049126386642456
302 0.0053095147013664246
303 0.005943742115050554
304 0.006756452843546867
305 0.00468175346031785
306 0.006196192000061274
307 0.006497783120721579
308 0.004847378004342318
309 0.006377565208822489
310 0.0032357375603169203
311 0.007978920824825764
312 0.007488284260034561
313 0.0036580630112439394
314 0.005775658879429102
315 0.004569945391267538
316 0.005524292588233948
317 0.0061471895314753056
318 0.006106553599238396
319 0.006797732785344124
320 0.005087615922093391
321 0.004322417546063662
322 0.004173343535512686
323 0.0033601538743823767
324 0.004163070116192102
325 0.010978945530951023
326 0.004578187130391598
327 0.008072449825704098
328 0.005091460887342691
329 0.004354701843112707
330 0.006700484547764063
331 0.0037078801542520523
332 0.007067760452628136
333 0.004235604777932167
334 0.006689239293336868
335 0.00423791166394949
336 0.005138696637004614
337 0.004675386007875204
338 0.0072313337586820126
339 0.0046575493179261684
340 0.005945488810539246
341 0.0040096682496368885
342 0.00453054578974843
343 0.0037584302481263876
344 0.004849882330745459
345 0.0035301644820719957
346 0.00669863959774375
347 0.003960724454373121
348 0.003539215074852109
349 0.0052268183790147305
350 0.0064059230498969555
351 0.0056243897415697575
352 0.0047469972632825375
353 0.004983104299753904
354 0.0055549256503582
355 0.007983826100826263
356 0.005411504302173853
357 0.0038510344456881285
358 0.006051603239029646
359 0.005523566156625748
360 0.005664354655891657
361 0.004224317613989115
362 0.005256677512079477
363 0.006394298281520605
364 0.00347344228066504
365 0.003926053177565336
366 0.00464368611574173
367 0.0058259195648133755
368 0.0052504329942166805
369 0.005428580101579428
370 0.006543641444295645
371 0.004143103491514921
372 0.004252600483596325
373 0.0051656304858624935
374 0.004888898227363825
375 0.009875791147351265
376 0.00806556735187769
377 0.005553875118494034
378 0.008996180258691311
379 0.008681383915245533
380 0.006955791264772415
381 0.011270455084741116
382 0.004903231747448444
383 0.010048379190266132
384 0.004121636971831322
385 0.005052480380982161
386 0.007832441478967667
387 0.005940223578363657
388 0.005907916929572821
389 0.005568979773670435
390 0.007318562362343073
391 0.00871159229427576
392 0.00693758949637413
393 0.008375643752515316
394 0.0051245191134512424
395 0.007675279397517443
396 0.011619643308222294
397 0.004079327452927828
398 0.004829394165426493
399 0.005484374705702066
400 0.004235121887177229
401 0.005497608799487352
402 0.004737741779536009
403 0.0049470276571810246
404 0.004504676442593336
405 0.0037375364918261766
406 0.0031060355249792337
407 0.005543041974306107
408 0.0058851055800914764
409 0.0031791466753929853
410 0.004808921366930008
411 0.007289704401046038
412 0.0054616122506558895
413 0.006631053518503904
414 0.003957798238843679
415 0.00671509699895978
416 0.004126427229493856
417 0.00517434673383832
418 0.005497725214809179
419 0.0038816994056105614
420 0.005912540480494499
421 0.00473127793520689
422 0.0056528658606112
423 0.007188178598880768
424 0.005455011501908302
425 0.0066065178252756596
426 0.0058539132587611675
427 0.006062279921025038
428 0.0041624014265835285
429 0.002861763583496213
430 0.006630884483456612
431 0.0035102192778140306
432 0.005630092695355415
433 0.0026001192163676023
434 0.004551739431917667
435 0.004876468330621719
436 0.00422460725530982
437 0.005682461429387331
438 0.005401066970080137
439 0.002796068787574768
440 0.006726562511175871
441 0.004517722874879837
442 0.005013310816138983
443 0.00531527167186141
444 0.004029246512800455
445 0.003909106831997633
446 0.004963683895766735
447 0.005150207784026861
448 0.005581863224506378
449 0.005849725101143122
450 0.004996926058083773
451 0.005553570110350847
452 0.004951816517859697
453 0.006023394409567118
454 0.00481061777099967
455 0.003828544868156314
456 0.007212294265627861
457 0.0038766104262322187
458 0.006282716989517212
459 0.007113806437700987
460 0.004449449013918638
461 0.006523150485008955
462 0.004705248866230249
463 0.004131627734750509
464 0.006625401321798563
465 0.006290623918175697
466 0.006045432761311531
467 0.007191088516265154
468 0.005561784375458956
469 0.009619124233722687
470 0.0062692537903785706
471 0.006909008603543043
472 0.006519030313938856
473 0.006883315742015839
474 0.007707942742854357
475 0.009283628314733505
476 0.007038567680865526
477 0.008072555996477604
478 0.005196292418986559
479 0.00462787551805377
480 0.0050779907032847404
481 0.007264986634254456
482 0.005299792159348726
483 0.007950938306748867
484 0.003629824845120311
485 0.005761778447777033
486 0.004921572748571634
487 0.008404935710132122
488 0.005179368890821934
489 0.004711279179900885
490 0.006538302171975374
491 0.003074643202126026
492 0.0057184104807674885
493 0.004763592500239611
494 0.00457371911033988
495 0.009561763145029545
496 0.00412437878549099
497 0.0038405463565140963
498 0.009029555134475231
499 0.007884617894887924
500 0.009956610389053822
501 0.008562902919948101
502 0.006444580387324095
503 0.0033139607403427362
504 0.004836331587284803
505 0.00701579824090004
506 0.005718046333640814
507 0.004614213481545448
508 0.009672009386122227
509 0.007730754092335701
510 0.004832466598600149
511 0.004106474574655294
512 0.012021084316074848
513 0.005149791482836008
514 0.008335047401487827
515 0.005339180584996939
516 0.004325788002461195
517 0.005403440911322832
518 0.006872233469039202
519 0.004812928847968578
520 0.006960293743759394
521 0.003832080401480198
522 0.004888442810624838
523 0.006464614998549223
524 0.004538313951343298
525 0.006882487330585718
526 0.005053363740444183
527 0.004034965764731169
528 0.007899626158177853
529 0.005526666063815355
530 0.004867722745984793
531 0.005150571931153536
532 0.004502689931541681
533 0.0056317709386348724
534 0.004879215732216835
535 0.00624091038480401
536 0.00950827356427908
537 0.006354214623570442
538 0.005029003135859966
539 0.006060594227164984
540 0.007149580400437117
541 0.006104931700974703
542 0.012521647848188877
543 0.011303084902465343
544 0.005971524864435196
545 0.006532456260174513
546 0.013920956291258335
547 0.00496264873072505
548 0.006306985393166542
549 0.009523186832666397
550 0.004510882310569286
551 0.0042784749530255795
552 0.010811388492584229
553 0.010932407341897488
554 0.0032497867941856384
555 0.0057312543503940105
556 0.008429748006165028
557 0.005941626150161028
558 0.00626844959333539
559 0.008378063328564167
560 0.0036104554310441017
561 0.0038142744451761246
562 0.005970238242298365
563 0.004507311619818211
564 0.006166534032672644
565 0.004445371683686972
566 0.004258325789123774
567 0.004592414945363998
568 0.005276605021208525
569 0.004264695104211569
570 0.004173665773123503
571 0.004460478201508522
572 0.003754696808755398
573 0.0043922788463532925
574 0.006775947287678719
575 0.004053695593029261
576 0.003933335188776255
577 0.0036060174461454153
578 0.004240867681801319
579 0.004957537166774273
580 0.004534753505140543
581 0.004907611291855574
582 0.004130722489207983
583 0.003766413778066635
584 0.0044010174460709095
585 0.006677286699414253
586 0.003683253191411495
587 0.005111454054713249
588 0.004769939463585615
589 0.0033131514210253954
590 0.0038642759900540113
591 0.005581382662057877
592 0.006225976627320051
593 0.00346317864023149
594 0.005088030826300383
595 0.0035725440829992294
596 0.004364675376564264
597 0.005593135487288237
598 0.004509539809077978
599 0.004281226079910994
600 0.006371085997670889
601 0.0052765849977731705
602 0.006829235702753067
603 0.003345046192407608
604 0.004771936219185591
605 0.005107438191771507
606 0.005146652925759554
607 0.004124525468796492
608 0.003933355212211609
609 0.0025290846824645996
610 0.00385378859937191
611 0.004903497640043497
612 0.004433056339621544
613 0.004740708041936159
614 0.006573497783392668
615 0.005414849147200584
616 0.00351034477353096
617 0.00472596101462841
618 0.005516265984624624
619 0.004086839500814676
620 0.00538662588223815
621 0.0050444514490664005
622 0.006039439234882593
623 0.0029895661864429712
624 0.006337145809084177
625 0.005869776010513306
626 0.004573245998471975
627 0.0037176546175032854
628 0.002914970740675926
629 0.00508526898920536
630 0.005035643000155687
631 0.004484856966882944
632 0.003660566173493862
633 0.005617575254291296
634 0.003495916724205017
635 0.00430122809484601
636 0.0022384757176041603
637 0.0030173074919730425
638 0.0045011756010353565
639 0.004218921530991793
640 0.004599756561219692
641 0.00629849499091506
642 0.0067908875644207
643 0.003769569331780076
644 0.005856810603290796
645 0.0034238609950989485
646 0.003958629909902811
647 0.005102859809994698
648 0.004395368974655867
649 0.004604065325111151
650 0.004873169120401144
651 0.005841696169227362
652 0.004122387617826462
653 0.003491206793114543
654 0.0028591046575456858
655 0.0045323665253818035
656 0.003781624138355255
657 0.004425608552992344
658 0.003997992258518934
659 0.004473116714507341
660 0.004969469737261534
661 0.0031454504933208227
662 0.005642900243401527
663 0.005846144165843725
664 0.005339164286851883
665 0.002468421356752515
666 0.004105449188500643
667 0.003408120945096016
668 0.006194245535880327
669 0.004926957190036774
670 0.0044589564204216
671 0.006623237859457731
672 0.005025079939514399
673 0.0031255949288606644
674 0.0027784835547208786
675 0.0029984135180711746
676 0.003613738575950265
677 0.003807321423664689
678 0.004543994087725878
679 0.0052863117307424545
680 0.002953871851786971
681 0.0051839170046150684
682 0.004110400099307299
683 0.0033413702622056007
684 0.0027886556927114725
685 0.005253793206065893
686 0.0038967628497630358
687 0.0024568045046180487
688 0.0029066239949315786
689 0.003779608989134431
690 0.0027899013366550207
691 0.00338767166249454
692 0.0030091768130660057
693 0.004559352993965149
694 0.003988027572631836
695 0.005214082542806864
696 0.005573298316448927
697 0.004538652952760458
698 0.0046385363675653934
699 0.00490384828299284
700 0.006841820199042559
701 0.0027776630595326424
702 0.007297737989574671
703 0.00326938577927649
704 0.00385077390819788
705 0.004621313419193029
706 0.003920503426343203
707 0.009369460865855217
708 0.00522429496049881
709 0.006484425161033869
710 0.0038713717367500067
711 0.00466725742444396
712 0.007325185462832451
713 0.00385748571716249
714 0.004072009120136499
715 0.0031991356518119574
716 0.003934337291866541
717 0.003488213988021016
718 0.00774543359875679
719 0.005427797790616751
720 0.005942311137914658
721 0.005345433950424194
722 0.003243042854592204
723 0.006653740536421537
724 0.00509205786511302
725 0.003510367125272751
726 0.003969990648329258
727 0.005997630301862955
728 0.007825227454304695
729 0.0032554331701248884
730 0.0065490552224218845
731 0.009221396408975124
732 0.003221434773877263
733 0.005133478436619043
734 0.006114976480603218
735 0.005930898245424032
736 0.0073067606426775455
737 0.0031947598326951265
738 0.004080028738826513
739 0.004080696031451225
740 0.004984291270375252
741 0.004354874137789011
742 0.002848382107913494
743 0.0032600380945950747
744 0.003226660890504718
745 0.0031599337235093117
746 0.0027904033195227385
747 0.0029162857681512833
748 0.003705784911289811
749 0.004219709429889917
750 0.0031135070603340864
751 0.0037318679969757795
752 0.0032824575901031494
753 0.002982908859848976
754 0.0029430799186229706
755 0.003663470968604088
756 0.004872689489275217
757 0.0025870453100651503
758 0.003546668915078044
759 0.0020555269438773394
760 0.003606124548241496
761 0.0032273856922984123
762 0.004773329012095928
763 0.0026885957922786474
764 0.0034651625901460648
765 0.0030037646647542715
766 0.0032256499398499727
767 0.0026543678250163794
768 0.0016376269049942493
769 0.0038994222413748503
770 0.0031405219342559576
771 0.0026412149891257286
772 0.0029784871730953455
773 0.003229549853131175
774 0.0025919924955815077
775 0.0029792089480906725
776 0.002906296169385314
777 0.0023292910773307085
778 0.0026501549873501062
779 0.0029009857680648565
780 0.001839946606196463
781 0.0026538355741649866
782 0.0021170026157051325
783 0.00229141884483397
784 0.002623959444463253
785 0.0031031230464577675
786 0.002988335443660617
787 0.002613377757370472
788 0.0040162778459489346
789 0.003405155846849084
790 0.004030529875308275
791 0.0032344653736799955
792 0.0037712138146162033
793 0.00274354568682611
794 0.004182837437838316
795 0.0029932940378785133
796 0.0026110501494258642
797 0.0020789140835404396
798 0.0029486368875950575
799 0.004197494126856327
800 0.0036823132541030645
801 0.0032699473667889833
802 0.0027645311783999205
803 0.004286033101379871
804 0.009721045382320881
805 0.0025373739190399647
806 0.005719298496842384
807 0.005313663277775049
808 0.0031969163101166487
809 0.002307904651388526
810 0.0037896751891821623
811 0.002650196896865964
812 0.004043044988065958
813 0.0041387490928173065
814 0.0023798837792128325
815 0.003778574289754033
816 0.004192294552922249
817 0.003506740555167198
818 0.003920045681297779
819 0.003587146522477269
820 0.005359040107578039
821 0.004604364279657602
822 0.0024621908087283373
823 0.0036006849259138107
824 0.00546073354780674
825 0.0038679195567965508
826 0.003088714787736535
827 0.00674443319439888
828 0.0035704069305211306
829 0.003058670787140727
830 0.0030094527173787355
831 0.0034766700118780136
832 0.005408222321420908
833 0.003317376598715782
834 0.0026777188759297132
835 0.0034860882442444563
836 0.004427785519510508
837 0.0030058398842811584
838 0.0022498362231999636
839 0.002721698023378849
840 0.0032154545187950134
841 0.0027536964043974876
842 0.003641914576292038
843 0.0036373501643538475
844 0.004230012651532888
845 0.002105227205902338
846 0.0019933038856834173
847 0.0032923929393291473
848 0.0029760003089904785
849 0.002719805808737874
850 0.0017595720710232854
851 0.00208330643363297
852 0.0024420227855443954
853 0.002633075462654233
854 0.0016528288833796978
855 0.0020988706964999437
856 0.0024835874792188406
857 0.0023277730215340853
858 0.002983846003189683
859 0.002332439413294196
860 0.002525815973058343
861 0.0018447614274919033
862 0.002159921685233712
863 0.002661981852725148
864 0.002477907342836261
865 0.0023583760485053062
866 0.0022538297343999147
867 0.004066246096044779
868 0.002663980470970273
869 0.0040964665822684765
870 0.0032795974984765053
871 0.003177145728841424
872 0.005083744414150715
873 0.004247561562806368
874 0.004644693341106176
875 0.00497346231713891
876 0.0030914864037185907
877 0.0030379900708794594
878 0.003139201318845153
879 0.005205320194363594
880 0.0034057723823934793
881 0.003745597554370761
882 0.0045040929690003395
883 0.0034518539905548096
884 0.0028941184282302856
885 0.0037402345333248377
886 0.0022274546790868044
887 0.0026451696176081896
888 0.0024275947362184525
889 0.002598243998363614
890 0.0024324918631464243
891 0.0027166500221937895
892 0.002119879238307476
893 0.0022122522350400686
894 0.0032042248640209436
895 0.003469789167866111
896 0.002163355238735676
897 0.003071185201406479
898 0.003284275531768799
899 0.002045032801106572
900 0.0017520441906526685
901 0.003972931299358606
902 0.003156044287607074
903 0.0028776200488209724
904 0.00232380791567266
905 0.0021269258577376604
906 0.0029766231309622526
907 0.0024007244501262903
908 0.0044389343820512295
909 0.003554033813998103
910 0.002495392458513379
911 0.0024712576996535063
912 0.002116155344992876
913 0.001575217000208795
914 0.002521609654650092
915 0.003696220926940441
916 0.0023418318014591932
917 0.0023005034308880568
918 0.0031714660581201315
919 0.0016019511967897415
920 0.0017303675413131714
921 0.003150262637063861
922 0.0020909651648253202
923 0.0033881382551044226
924 0.0037554148584604263
925 0.002527790842577815
926 0.0028012029360979795
927 0.002324278699234128
928 0.0021434479858726263
929 0.002080063335597515
930 0.002345622982829809
931 0.0022730494383722544
932 0.0025745693128556013
933 0.0018316162750124931
934 0.0030300423968583345
935 0.0021886106114834547
936 0.002357041696086526
937 0.004772497341036797
938 0.002187386155128479
939 0.0029468678403645754
940 0.0023708597291260958
941 0.0018912166124209762
942 0.0031200081575661898
943 0.004115778021514416
944 0.0017584790475666523
945 0.002877624472603202
946 0.0028351841028779745
947 0.0029726289212703705
948 0.0023582319263368845
949 0.0024865393061190844
950 0.0018422225257381797
951 0.0017970189219340682
952 0.004440954886376858
953 0.0031684956047683954
954 0.002508019795641303
955 0.001841873861849308
956 0.0018656877800822258
957 0.0023491166066378355
958 0.002619565464556217
959 0.0019701069686561823
960 0.0013642461271956563
961 0.0028497695457190275
962 0.0020319954492151737
963 0.0023026985581964254
964 0.002483211224898696
965 0.0025834047701209784
966 0.003472707001492381
967 0.0036183632910251617
968 0.002620665356516838
969 0.0024088576901704073
970 0.002174720400944352
971 0.002091415924951434
972 0.0030885322485119104
973 0.0022529230918735266
974 0.001284729572944343
975 0.0025773716624826193
976 0.0029843561351299286
977 0.002188500016927719
978 0.001824640785343945
979 0.0024045163299888372
980 0.00207877135835588
981 0.0020789755508303642
982 0.0024457217659801245
983 0.0020135457161813974
984 0.0025885209906846285
985 0.0021778608206659555
986 0.0029873016756027937
987 0.004537468310445547
988 0.003144822781905532
989 0.004732394590973854
990 0.002264629816636443
991 0.003022919176146388
992 0.0015668091364204884
993 0.002571872202679515
994 0.0026944475248456
995 0.0049045332707464695
996 0.0015823604771867394
997 0.0027700604405254126
998 0.0023266065400093794
999 0.002360249636694789
1000 0.0043138437904417515
1001 0.00391117250546813
1002 0.0028549290727823973
1003 0.0030213373247534037
1004 0.0030760886147618294
1005 0.0032570855692029
1006 0.004372482653707266
1007 0.002437306335195899
1008 0.00553039088845253
1009 0.004063664469867945
1010 0.0022963560186326504
1011 0.002666315296664834
1012 0.002837511943653226
1013 0.0036324404645711184
1014 0.003363380441442132
1015 0.002936316654086113
1016 0.0040105190128088
1017 0.0032964700367301702
1018 0.00219100178219378
1019 0.002947821980342269
1020 0.0022072161082178354
1021 0.0035187702160328627
1022 0.0028879826422780752
1023 0.002544859191402793
1024 0.0018521184101700783
1025 0.0020746004302054644
1026 0.003138917265459895
1027 0.002412462839856744
1028 0.0037583960220217705
1029 0.005758341401815414
1030 0.0018815469229593873
1031 0.002993621863424778
1032 0.008692249655723572
1033 0.002935752971097827
1034 0.00330167543143034
1035 0.005148984491825104
1036 0.0018330266466364264
1037 0.002125215483829379
1038 0.003773373318836093
1039 0.003428548574447632
1040 0.002768951701000333
1041 0.0041746641509234905
1042 0.0026437288615852594
1043 0.003001374425366521
1044 0.00146035710349679
1045 0.002091535134240985
1046 0.0020121491979807615
1047 0.0029631974175572395
1048 0.002112293615937233
1049 0.004184670280665159
1050 0.0044288672506809235
1051 0.004945509601384401
1052 0.005226647946983576
1053 0.006807226222008467
1054 0.006712190806865692
1055 0.004976034630089998
1056 0.003546528285369277
1057 0.003948552068322897
1058 0.0026477265637367964
1059 0.005049624480307102
1060 0.004392368718981743
1061 0.004307163879275322
1062 0.0031676646322011948
1063 0.0038445862010121346
1064 0.0032483208924531937
1065 0.0024785322602838278
1066 0.002899152459576726
1067 0.002238208893686533
1068 0.0033195584546774626
1069 0.0020789681002497673
1070 0.003360242350026965
1071 0.003382474184036255
1072 0.0046111284755170345
1073 0.0020140467677265406
1074 0.0018105466151610017
1075 0.0034299760591238737
1076 0.0021549290977418423
1077 0.003973884042352438
1078 0.0031138919293880463
1079 0.002690265653654933
1080 0.002862480701878667
1081 0.002896407851949334
1082 0.002051427261903882
1083 0.0036468105390667915
1084 0.0026208749040961266
1085 0.0022849931847304106
1086 0.0032071436289697886
1087 0.0019289477495476604
1088 0.001700750202871859
1089 0.0030526199843734503
1090 0.002161133335903287
1091 0.0034341670107096434
1092 0.003045797348022461
1093 0.0031826638150960207
1094 0.0017941109836101532
1095 0.0034392056986689568
1096 0.0021337661892175674
1097 0.0032339326571673155
1098 0.0024125573690980673
1099 0.0025632716715335846
1100 0.0028791355434805155
1101 0.002358698518946767
1102 0.0021689257118850946
1103 0.0022151453886181116
1104 0.003211184171959758
1105 0.0041650873608887196
1106 0.002736227586865425
1107 0.003872531233355403
1108 0.00466909259557724
1109 0.00245031900703907
1110 0.003808171721175313
1111 0.002924144035205245
1112 0.0022731595672667027
1113 0.00292258826084435
1114 0.0028724318835884333
1115 0.002588945906609297
1116 0.0030819314997643232
1117 0.004952298942953348
1118 0.003120041685178876
1119 0.00400523142889142
1120 0.0035564331337809563
1121 0.0024391685146838427
1122 0.0024540002923458815
1123 0.003710746532306075
1124 0.0031211862806230783
1125 0.0023058177903294563
1126 0.0026128103490918875
1127 0.006101073231548071
1128 0.002050392096862197
1129 0.003748149611055851
1130 0.0027524170000106096
1131 0.00261782668530941
1132 0.0031524391379207373
1133 0.002099961042404175
1134 0.0020827536936849356
1135 0.0024328299332410097
1136 0.0027627490926533937
1137 0.0023192327935248613
1138 0.002565849805250764
1139 0.0019561757799237967
1140 0.0017181411385536194
1141 0.0020480439998209476
1142 0.0020905914716422558
1143 0.0026899725198745728
1144 0.002146325772628188
1145 0.0018557215807959437
1146 0.0021372491028159857
1147 0.0018671397119760513
1148 0.0042894212529063225
1149 0.0018438991392031312
1150 0.002079823985695839
1151 0.0027415333315730095
1152 0.0024062583688646555
1153 0.0020093650091439486
1154 0.002259126864373684
1155 0.0020447017159312963
1156 0.0024241600185632706
1157 0.002449298044666648
1158 0.00184994179289788
1159 0.0025992889422923326
1160 0.002322798129171133
1161 0.0028425983618944883
1162 0.002066142624244094
1163 0.002273581689223647
1164 0.0017314905999228358
1165 0.003252851776778698
1166 0.0035349021200090647
1167 0.0040185838006436825
1168 0.0022477463353425264
1169 0.002750346204265952
1170 0.002850028919056058
1171 0.002340167062357068
1172 0.0034334452357143164
1173 0.0023889150470495224
1174 0.0023020782973617315
1175 0.0024176407605409622
1176 0.002790382830426097
1177 0.0028785336762666702
1178 0.002002689288929105
1179 0.003228178946301341
1180 0.0020683922339230776
1181 0.0021692735608667135
1182 0.0023420904763042927
1183 0.0029228823259472847
1184 0.0017805942334234715
1185 0.0018283156678080559
1186 0.003222128376364708
1187 0.0023967872839421034
1188 0.0028900904580950737
1189 0.0024785923305898905
1190 0.0024276759941130877
1191 0.0023512588813900948
1192 0.0021829544566571712
1193 0.0014620744623243809
1194 0.0025432815309613943
1195 0.0026250032242387533
1196 0.0017523844726383686
1197 0.002286668634042144
1198 0.002254895865917206
1199 0.0021086574997752905
1200 0.0020142884459346533
1201 0.0028262317646294832
1202 0.0025648223236203194
1203 0.0026878288481384516
1204 0.0030557308346033096
1205 0.0019492640858516097
1206 0.0025540825445204973
1207 0.002540374407544732
1208 0.0031479925382882357
1209 0.0025004318449646235
1210 0.0019924365915358067
1211 0.0025503765791654587
1212 0.0027706660330295563
1213 0.0022838071454316378
1214 0.0017894548363983631
1215 0.002133155008777976
1216 0.0027362031396478415
1217 0.004254728090018034
1218 0.0016734995879232883
1219 0.00226605380885303
1220 0.0022877566516399384
1221 0.002035600133240223
1222 0.0026436869520694017
1223 0.0024302310775965452
1224 0.0027485520113259554
1225 0.0021188489627093077
1226 0.002264327136799693
1227 0.0018643258372321725
1228 0.0030845559667795897
1229 0.0025860245805233717
1230 0.0035049680154770613
1231 0.002343428321182728
1232 0.003091356949880719
1233 0.002833754988387227
1234 0.0025236315559595823
1235 0.004535759333521128
1236 0.002443117555230856
1237 0.0029739567544311285
1238 0.0016140619991347194
1239 0.0021178615279495716
1240 0.00260486570186913
1241 0.0023265506606549025
1242 0.0027665176894515753
1243 0.0025253398343920708
1244 0.002000324195250869
1245 0.0015731622697785497
1246 0.0019095834577456117
1247 0.0016766227781772614
1248 0.0016265134327113628
1249 0.0017364207888022065
1250 0.0019542130175977945
1251 0.002767035737633705
1252 0.0017547389725223184
1253 0.0024570825044065714
1254 0.00356191024184227
1255 0.0017464117845520377
1256 0.0023282908368855715
1257 0.00373148825019598
1258 0.0018958593718707561
1259 0.002582941437140107
1260 0.0026405993849039078
1261 0.0008801043150015175
1262 0.002690764144062996
1263 0.0046646916307508945
1264 0.0024446328170597553
1265 0.0026183342561125755
1266 0.0016727512702345848
1267 0.001865899539552629
1268 0.002550519770011306
1269 0.002601860323920846
1270 0.002285541268065572
1271 0.0019799501169472933
1272 0.0022834029514342546
1273 0.0017298433231189847
1274 0.0023561359848827124
1275 0.002338896505534649
1276 0.002089984016492963
1277 0.002874575788155198
1278 0.0019204803975299
1279 0.0022883471101522446
1280 0.0022091681603342295
1281 0.0019245693692937493
1282 0.002688613487407565
1283 0.002052891068160534
1284 0.0015952233225107193
1285 0.0025492552667856216
1286 0.0024321686942130327
1287 0.0018638772889971733
1288 0.003230201080441475
1289 0.00246796733699739
1290 0.0030566782224923372
1291 0.002967866137623787
1292 0.0031471916008740664
1293 0.0019215233623981476
1294 0.002106871223077178
1295 0.0015304110711440444
1296 0.0019901238847523928
1297 0.0022807877976447344
1298 0.0020493792835623026
1299 0.0025940604973584414
1300 0.0022364978212863207
1301 0.0023002075031399727
1302 0.0021402377169579268
1303 0.001444951631128788
1304 0.0037909497041255236
1305 0.002409326611086726
1306 0.0020443981047719717
1307 0.0014041574904695153
1308 0.0034679609816521406
1309 0.0020032795146107674
1310 0.0028476975858211517
1311 0.0020942767150700092
1312 0.001728947856463492
1313 0.0018200376071035862
1314 0.0017332975985482335
1315 0.002077000215649605
1316 0.0018866054015234113
1317 0.002269984921440482
1318 0.001896866480819881
1319 0.0022785563487559557
1320 0.002068415516987443
1321 0.0019069527043029666
1322 0.0021305105183273554
1323 0.0023052780888974667
1324 0.002189703518524766
1325 0.0024755222257226706
1326 0.0027941856533288956
1327 0.001532991067506373
1328 0.0028255253564566374
1329 0.001946403062902391
1330 0.001701298519037664
1331 0.0025364209432154894
1332 0.003446336602792144
1333 0.004443118814378977
1334 0.0018257438205182552
1335 0.004143707919865847
1336 0.005796156357973814
1337 0.003596632042899728
1338 0.002058896468952298
1339 0.00564168393611908
1340 0.0036051899660378695
1341 0.0031336683314293623
1342 0.002361181192100048
1343 0.006692327093333006
1344 0.00348895532079041
1345 0.004439614713191986
1346 0.003862900659441948
1347 0.004719994962215424
1348 0.003702131099998951
1349 0.0028942441567778587
1350 0.00755806639790535
1351 0.0045595052652060986
1352 0.003564252285286784
1353 0.0022336849942803383
1354 0.003694911254569888
1355 0.002977455733343959
1356 0.0027224181685596704
1357 0.0027165384963154793
1358 0.003945084288716316
1359 0.004423681180924177
1360 0.00388269848190248
1361 0.0049521769396960735
1362 0.00413169339299202
1363 0.00226597860455513
1364 0.0026272025424987078
1365 0.002905898028984666
1366 0.002869971329346299
1367 0.0029728685040026903
1368 0.0021533912513405085
1369 0.002340996637940407
1370 0.0026435174513608217
1371 0.0015696845948696136
1372 0.002223122166469693
1373 0.0016660424880683422
1374 0.002863765461370349
1375 0.0022153393365442753
1376 0.00331413303501904
1377 0.003141578286886215
1378 0.0030681341886520386
1379 0.0022129423450678587
1380 0.0018034949898719788
1381 0.001975895604118705
1382 0.0026527608279138803
1383 0.0018801214173436165
1384 0.0024364034179598093
1385 0.003219457110390067
1386 0.003954815212637186
1387 0.003521908773109317
1388 0.0025701597332954407
1389 0.003638823516666889
1390 0.004049241077154875
1391 0.002430254826322198
1392 0.0021272676531225443
1393 0.001858445000834763
1394 0.0025194131303578615
1395 0.0029212620574980974
1396 0.0025593277532607317
1397 0.005871448665857315
1398 0.0020178840495646
1399 0.003994394559413195
1400 0.0054513756185770035
1401 0.003853779286146164
1402 0.0038198663387447596
1403 0.005977510008960962
1404 0.00791782233864069
1405 0.004050915595144033
1406 0.0029454471077769995
1407 0.0025956721510738134
1408 0.0028350038919597864
1409 0.00335525325499475
1410 0.002643394051119685
1411 0.0022547871340066195
1412 0.003354491665959358
1413 0.002422900404781103
1414 0.0037620384246110916
1415 0.0038085461128503084
1416 0.00278506800532341
1417 0.0024525353219360113
1418 0.0019343146122992039
1419 0.0021073250100016594
1420 0.002195067470893264
1421 0.00226025958545506
1422 0.002636641962453723
1423 0.0018914894899353385
1424 0.0024831267073750496
1425 0.0020704849157482386
1426 0.0018937505083158612
1427 0.002324664732441306
1428 0.002711098873987794
1429 0.0023818276822566986
1430 0.002027785172685981
1431 0.0025372756645083427
1432 0.003020231844857335
1433 0.0018372972263023257
1434 0.0015725685516372323
1435 0.0027290198486298323
1436 0.001865052618086338
1437 0.0033919308334589005
1438 0.004443458281457424
1439 0.0030599350575357676
1440 0.0029067357536405325
1441 0.0018970001256093383
1442 0.00204209191724658
1443 0.0024989249650388956
1444 0.0026583296712487936
1445 0.0021976761054247618
1446 0.003278404474258423
1447 0.002541832160204649
1448 0.003144782967865467
1449 0.0016906210221350193
1450 0.0021964123006910086
1451 0.002116370014846325
1452 0.0013937732437625527
1453 0.002826595911756158
1454 0.0028546631801873446
1455 0.003578280098736286
1456 0.002894774079322815
1457 0.0030321076046675444
1458 0.001963992603123188
1459 0.001608331105671823
1460 0.002980360761284828
1461 0.002437769202515483
1462 0.002599874744191766
1463 0.0026585024315863848
1464 0.0020165240857750177
1465 0.0018821997800841928
1466 0.0025810098741203547
1467 0.0020551281049847603
1468 0.0019179937662556767
1469 0.002750375075265765
1470 0.0021690160501748323
1471 0.001733271055854857
1472 0.002173938788473606
1473 0.0025351073127239943
1474 0.0026375881861895323
1475 0.0018421867862343788
1476 0.002015314996242523
1477 0.0014190040528774261
1478 0.0031760195270180702
1479 0.0024372495245188475
1480 0.0037164725363254547
1481 0.002155944472178817
1482 0.0025131760630756617
1483 0.0025267640594393015
1484 0.002953997813165188
1485 0.002238776069134474
1486 0.0031209879089146852
1487 0.0018167149974033237
1488 0.0023220833390951157
1489 0.003196756588295102
1490 0.0019887106027454138
1491 0.0019204984419047832
1492 0.0020166717004030943
1493 0.00253183557651937
1494 0.0017196325352415442
1495 0.0024984031915664673
1496 0.0026902153622359037
1497 0.0021060174331068993
1498 0.001841040444560349
1499 0.003215041244402528
1500 0.0030851142946630716
1501 0.0018091319361701608
1502 0.002083031227812171
1503 0.002693979302421212
1504 0.0017751562409102917
1505 0.002264224225655198
1506 0.0035742586478590965
1507 0.0020612000953406096
1508 0.0019663998391479254
1509 0.002183864125981927
1510 0.0017475616186857224
1511 0.001800287514925003
1512 0.0025377559941262007
1513 0.003106716787442565
1514 0.002556841354817152
1515 0.0033805326092988253
1516 0.002698650350794196
1517 0.003832128830254078
1518 0.002789577702060342
1519 0.0017117164097726345
1520 0.0027243169024586678
1521 0.005856674164533615
1522 0.0028625403065234423
1523 0.001801413600333035
1524 0.0033475246746093035
1525 0.0022384540643543005
1526 0.002258502645418048
1527 0.0028921812772750854
1528 0.002583753317594528
1529 0.002129979897290468
1530 0.002688882639631629
1531 0.003307208651676774
1532 0.002710003638640046
1533 0.002513810060918331
1534 0.002861232263967395
1535 0.005374699365347624
1536 0.0025268360041081905
1537 0.0021314879413694143
1538 0.004286905284970999
1539 0.002791168401017785
1540 0.0012285633711144328
1541 0.0029019087087363005
1542 0.0040785945020616055
1543 0.0023550866171717644
1544 0.0018120940076187253
1545 0.0025451674591749907
1546 0.0034462714102119207
1547 0.003502596402540803
1548 0.0019096285104751587
1549 0.0027439482510089874
1550 0.002554081380367279
1551 0.0025057068560272455
1552 0.0024300802033394575
1553 0.0012864986201748252
1554 0.0033842686098068953
1555 0.001570305903442204
1556 0.002611010568216443
1557 0.002045840723440051
1558 0.0032025703694671392
1559 0.00213224277831614
1560 0.002469671657308936
1561 0.0013407091610133648
1562 0.0020884033292531967
1563 0.002784046344459057
1564 0.0024506300687789917
1565 0.002419028664007783
1566 0.0014853364555165172
1567 0.0021052767988294363
1568 0.002345516113564372
1569 0.0019523445516824722
1570 0.0023040161468088627
1571 0.0019772734958678484
1572 0.002038809936493635
1573 0.0018234550952911377
1574 0.0030034242663532495
1575 0.001767116249538958
1576 0.001977517269551754
1577 0.003030975116416812
1578 0.002560517517849803
1579 0.0030754602048546076
1580 0.004691269248723984
1581 0.001628721016459167
1582 0.002009436720982194
1583 0.0016974637983366847
1584 0.0018527032807469368
1585 0.0020561227574944496
1586 0.0016062891809269786
1587 0.0026611797511577606
1588 0.0019435813883319497
1589 0.002801923779770732
1590 0.001948540098965168
1591 0.0017483402043581009
1592 0.0026518565136939287
1593 0.0026433535385876894
1594 0.0030654186848551035
1595 0.0020573767833411694
1596 0.0016536222537979484
1597 0.003602277720347047
1598 0.0024080027360469103
1599 0.002573116449639201
1600 0.0019306261092424393
1601 0.0017164439195767045
1602 0.002043260494247079
1603 0.0018074832623824477
1604 0.0022315778769552708
1605 0.0036532070953398943
1606 0.0036218527238816023
1607 0.002335243159905076
1608 0.0017811581492424011
1609 0.0034400459844619036
1610 0.006536333356052637
1611 0.0016359137371182442
1612 0.001857450231909752
1613 0.004286884795874357
1614 0.004104782361537218
1615 0.0014828256098553538
1616 0.002716155955567956
1617 0.002891132840886712
1618 0.0016822960460558534
1619 0.0023669928777962923
1620 0.002454326720908284
1621 0.00204244302585721
1622 0.0035555653739720583
1623 0.002369025954976678
1624 0.0024391792248934507
1625 0.0036691874265670776
1626 0.0035991352051496506
1627 0.0024702728260308504
1628 0.0021686989348381758
1629 0.0024406726006418467
1630 0.0028319417033344507
1631 0.0026533089112490416
1632 0.001750195398926735
1633 0.0025773008819669485
1634 0.0033948030322790146
1635 0.002378282370045781
1636 0.0019049635156989098
1637 0.0028698768001049757
1638 0.0024895425885915756
1639 0.002143561840057373
1640 0.001950276200659573
1641 0.002269244519993663
1642 0.0020463408436626196
1643 0.0022168715950101614
1644 0.0019633795600384474
1645 0.0011580436257645488
1646 0.0023319204337894917
1647 0.002117384923622012
1648 0.0018920210422948003
1649 0.002581941895186901
1650 0.0027063535526394844
1651 0.0021010064519941807
1652 0.0026001178193837404
1653 0.00218782271258533
1654 0.003184025874361396
1655 0.0015994751593098044
1656 0.0017531588673591614
1657 0.002014809288084507
1658 0.002550034085288644
1659 0.0013737486442551017
1660 0.002113486872985959
1661 0.002962445141747594
1662 0.002416132017970085
1663 0.0029194967355579138
1664 0.0030683567747473717
1665 0.0023934233468025923
1666 0.0036175400018692017
1667 0.00459349574521184
1668 0.002219764981418848
1669 0.0020832933951169252
1670 0.0042187366634607315
1671 0.001970238285139203
1672 0.0019796760752797127
1673 0.001953772036358714
1674 0.003988201729953289
1675 0.0020491057075560093
1676 0.001643620547838509
1677 0.0032977124210447073
1678 0.0023666678462177515
1679 0.0017254796111956239
1680 0.0019322397420182824
1681 0.0023051428142935038
1682 0.0018175006844103336
1683 0.0020016718190163374
1684 0.0030118690337985754
1685 0.003996117040514946
1686 0.003786483546718955
1687 0.004504266660660505
1688 0.002922508865594864
1689 0.004351980052888393
1690 0.0036661482881754637
1691 0.003674306906759739
1692 0.0032776996959000826
1693 0.0026661548763513565
1694 0.0017062608385458589
1695 0.0023053758777678013
1696 0.0035329479724168777
1697 0.004868116695433855
1698 0.0019693549256771803
1699 0.0024960413575172424
1700 0.003453303826972842
1701 0.0024953752290457487
1702 0.0027696823235601187
1703 0.0028872762341052294
1704 0.0029783861245959997
1705 0.0019283496076241136
1706 0.0018702754750847816
1707 0.0024647440295666456
1708 0.00315834186039865
1709 0.0030206816736608744
1710 0.001981113338842988
1711 0.0034587744157761335
1712 0.001746193622238934
1713 0.0019352914532646537
1714 0.0034863792825490236
1715 0.005529583897441626
1716 0.0022219468373805285
1717 0.0026584556326270103
1718 0.0033800285309553146
1719 0.0027446250896900892
1720 0.0018316740170121193
1721 0.002017143415287137
1722 0.0020183229353278875
