0 1.8033616542816162
1 1.59296452999115
2 1.378382921218872
3 1.33661687374115
4 1.082947015762329
5 0.9051719307899475
6 0.7846269011497498
7 0.7021123170852661
8 0.5102545619010925
9 0.5504964590072632
10 0.6395556926727295
11 0.677508533000946
12 0.42726585268974304
13 0.4653971493244171
14 0.5764139890670776
15 0.6036539077758789
16 0.5539209842681885
17 0.5518538355827332
18 0.4755985736846924
19 0.4881858825683594
20 0.4792635440826416
21 0.4746461510658264
22 0.5296703577041626
23 0.4831700325012207
24 0.4330824911594391
25 0.4090234339237213
26 0.3901040554046631
27 0.4803244173526764
28 0.4130343198776245
29 0.4382021725177765
30 0.36277568340301514
31 0.38414108753204346
32 0.5003840327262878
33 0.342390239238739
34 0.4575505256652832
35 0.31464192271232605
36 0.38609185814857483
37 0.36432766914367676
38 0.4101364016532898
39 0.3571106195449829
40 0.30921077728271484
41 0.42197126150131226
42 0.412431538105011
43 0.23122036457061768
44 0.3363806903362274
45 0.3107036054134369
46 0.33439522981643677
47 0.28073781728744507
48 0.2857840061187744
49 0.33793267607688904
50 0.2985895872116089
51 0.26697543263435364
52 0.3091087341308594
53 0.28454479575157166
54 0.2387409210205078
55 0.3368900418281555
56 0.20985384285449982
57 0.31109362840652466
58 0.23460529744625092
59 0.23780855536460876
60 0.3041750192642212
61 0.28098225593566895
62 0.24139411747455597
63 0.2403142750263214
64 0.2479601800441742
65 0.2956707775592804
66 0.2442474067211151
67 0.2796252965927124
68 0.2679702341556549
69 0.2702430188655853
70 0.3250887989997864
71 0.30297112464904785
72 0.299416184425354
73 0.27147507667541504
74 0.3233727216720581
75 0.2455855906009674
76 0.26174843311309814
77 0.2221120297908783
78 0.3040419816970825
79 0.34328097105026245
80 0.2297399938106537
81 0.31029385328292847
82 0.21220864355564117
83 0.2712666690349579
84 0.1940632164478302
85 0.1933916211128235
86 0.3109021782875061
87 0.1807570904493332
88 0.2840837836265564
89 0.26369529962539673
90 0.28086403012275696
91 0.28279173374176025
92 0.21094560623168945
93 0.21657784283161163
94 0.20208176970481873
95 0.21460947394371033
96 0.24575175344944
97 0.2355763465166092
98 0.358479380607605
99 0.22178739309310913
100 0.2050836980342865
101 0.2610545754432678
102 0.22696974873542786
103 0.2119956612586975
104 0.21819329261779785
105 0.20921477675437927
106 0.25040480494499207
107 0.30365777015686035
108 0.20415973663330078
109 0.2488560676574707
110 0.22622686624526978
111 0.1897662878036499
112 0.26537245512008667
113 0.22519166767597198
114 0.19393306970596313
115 0.2746604382991791
116 0.24817484617233276
117 0.24237941205501556
118 0.22430652379989624
119 0.2058333456516266
120 0.24167168140411377
121 0.16835923492908478
122 0.2705220878124237
123 0.23418140411376953
124 0.3252379596233368
125 0.2247973531484604
126 0.26667845249176025
127 0.2759303152561188
128 0.2139677256345749
129 0.25460880994796753
130 0.2835806608200073
131 0.25944823026657104
132 0.20923452079296112
133 0.261994332075119
134 0.22051841020584106
135 0.23401056230068207
136 0.225947767496109
137 0.22868295013904572
138 0.3031214773654938
139 0.15886947512626648
140 0.23302316665649414
141 0.1995328962802887
142 0.21658802032470703
143 0.26134273409843445
144 0.2030978500843048
145 0.2597036063671112
146 0.18317466974258423
147 0.1879456639289856
148 0.20412243902683258
149 0.2209397852420807
150 0.2155294567346573
151 0.2214982956647873
152 0.19240641593933105
153 0.201604425907135
154 0.16603410243988037
155 0.244135320186615
156 0.16562466323375702
157 0.17452694475650787
158 0.26334303617477417
159 0.21206042170524597
160 0.24226753413677216
161 0.24851852655410767
162 0.23462560772895813
163 0.23307111859321594
164 0.253869891166687
165 0.2942065894603729
166 0.25747209787368774
167 0.2634722888469696
168 0.26908808946609497
169 0.2496938407421112
170 0.2346809208393097
171 0.22964754700660706
172 0.19377227127552032
173 0.28314483165740967
174 0.23143270611763
175 0.18078398704528809
176 0.2018236666917801
177 0.2621678411960602
178 0.2196202129125595
179 0.19146762788295746
180 0.21130779385566711
181 0.22361257672309875
182 0.20577755570411682
183 0.1790475994348526
184 0.15588802099227905
185 0.2276882827281952
186 0.20309224724769592
187 0.26397591829299927
188 0.18744292855262756
189 0.2594752013683319
190 0.2820398807525635
191 0.2420797348022461
192 0.3099902272224426
193 0.2256772518157959
194 0.2866869270801544
195 0.21906137466430664
196 0.18606644868850708
197 0.24709229171276093
198 0.2225518673658371
199 0.1534268856048584
200 0.22295112907886505
201 0.16856136918067932
202 0.16001549363136292
203 0.23139971494674683
204 0.2586909830570221
205 0.19525477290153503
206 0.2655884623527527
207 0.2353716790676117
208 0.2663017213344574
209 0.19957458972930908
210 0.18693064153194427
211 0.30773258209228516
212 0.19113171100616455
213 0.24258559942245483
214 0.3063659369945526
215 0.209413081407547
216 0.2209276556968689
217 0.19066038727760315
218 0.2793642282485962
219 0.2377793788909912
220 0.20036426186561584
221 0.22022095322608948
222 0.24559283256530762
223 0.18694867193698883
224 0.23131778836250305
225 0.2335348278284073
226 0.2991635799407959
227 0.1919093132019043
228 0.1968677043914795
229 0.21446305513381958
230 0.20346659421920776
231 0.2457258552312851
232 0.24068772792816162
233 0.20401610434055328
234 0.18609553575515747
235 0.2430969774723053
236 0.20189708471298218
237 0.14386743307113647
238 0.17662785947322845
239 0.18395137786865234
240 0.22927847504615784
241 0.19511136412620544
242 0.2097967565059662
243 0.22716307640075684
244 0.23301295936107635
245 0.19161772727966309
246 0.17390742897987366
247 0.24189655482769012
248 0.19501027464866638
249 0.26598498225212097
250 0.15118807554244995
251 0.2008381485939026
252 0.2018263339996338
253 0.22498558461666107
254 0.22918324172496796
255 0.20701387524604797
256 0.21612191200256348
257 0.16573555767536163
258 0.2476460039615631
259 0.22671346366405487
260 0.19624203443527222
261 0.22517839074134827
262 0.19425742328166962
263 0.22009168565273285
264 0.18994474411010742
265 0.22195479273796082
266 0.18827161192893982
267 0.2613195478916168
268 0.1684761792421341
269 0.17086251080036163
270 0.19944877922534943
271 0.20727509260177612
272 0.22773608565330505
273 0.16432344913482666
274 0.2066156566143036
275 0.18642884492874146
276 0.20898646116256714
277 0.17620863020420074
278 0.19398511946201324
279 0.2377053201198578
280 0.28127726912498474
281 0.19928982853889465
282 0.23662030696868896
283 0.20847024023532867
284 0.22126832604408264
285 0.2221735715866089
286 0.18104790151119232
287 0.2174834907054901
288 0.19174252450466156
289 0.18097850680351257
290 0.18513591587543488
291 0.1695365309715271
292 0.14470480382442474
293 0.20122769474983215
294 0.18480192124843597
295 0.2040732204914093
296 0.18603143095970154
297 0.18225842714309692
298 0.2223455160856247
299 0.23235934972763062
300 0.15531833469867706
301 0.206139475107193
302 0.18509027361869812
303 0.2508578896522522
304 0.1678829789161682
305 0.2047487497329712
306 0.17517532408237457
307 0.24239659309387207
308 0.19914798438549042
309 0.19631943106651306
310 0.22610744833946228
311 0.24129892885684967
312 0.2282472550868988
313 0.20834995806217194
314 0.19055193662643433
315 0.19446027278900146
316 0.16799622774124146
317 0.1842670887708664
318 0.2489655613899231
319 0.2510010004043579
320 0.21799981594085693
321 0.20471876859664917
322 0.18070434033870697
323 0.14347335696220398
324 0.19359031319618225
325 0.26610350608825684
326 0.20837333798408508
327 0.19286659359931946
328 0.18763703107833862
329 0.19202455878257751
330 0.23293514549732208
331 0.22803214192390442
332 0.18619374930858612
333 0.2159508913755417
334 0.18080562353134155
335 0.17893850803375244
336 0.20913203060626984
337 0.19009920954704285
338 0.20039477944374084
339 0.1986813247203827
340 0.25665101408958435
341 0.1936766505241394
342 0.17299394309520721
343 0.18758751451969147
344 0.16586996614933014
345 0.16999992728233337
346 0.2650514543056488
347 0.15728777647018433
348 0.15543389320373535
349 0.20688864588737488
350 0.256361186504364
351 0.285628080368042
352 0.17405164241790771
353 0.2130647748708725
354 0.19272935390472412
355 0.24044620990753174
356 0.2125156819820404
357 0.15640585124492645
358 0.2570359706878662
359 0.23999230563640594
360 0.25567829608917236
361 0.15831494331359863
362 0.19733986258506775
363 0.20127654075622559
364 0.17477014660835266
365 0.21672898530960083
366 0.2168954461812973
367 0.20129388570785522
368 0.24947720766067505
369 0.18840830028057098
370 0.23634079098701477
371 0.17685002088546753
372 0.21201331913471222
373 0.20650111138820648
374 0.146338552236557
375 0.2777312397956848
376 0.22407396137714386
377 0.2172313779592514
378 0.24095022678375244
379 0.22128033638000488
380 0.2410045564174652
381 0.32113248109817505
382 0.19670940935611725
383 0.2537752091884613
384 0.15896004438400269
385 0.1949199140071869
386 0.24556636810302734
387 0.20168274641036987
388 0.23660466074943542
389 0.24419423937797546
390 0.22590747475624084
391 0.26348134875297546
392 0.2157999575138092
393 0.20869261026382446
394 0.18034163117408752
395 0.236567884683609
396 0.24450357258319855
397 0.20247282087802887
398 0.20572642982006073
399 0.14951102435588837
400 0.1487707495689392
401 0.23212765157222748
402 0.1803610771894455
403 0.1641140580177307
404 0.19005464017391205
405 0.2440861016511917
406 0.167667418718338
407 0.24010401964187622
408 0.2199469655752182
409 0.1316300928592682
410 0.17547714710235596
411 0.23336024582386017
412 0.28769806027412415
413 0.18859454989433289
414 0.1613498032093048
415 0.1855180263519287
416 0.25329717993736267
417 0.21682685613632202
418 0.24453723430633545
419 0.1874905228614807
420 0.189849853515625
421 0.16460664570331573
422 0.23708078265190125
423 0.1912274956703186
424 0.16189852356910706
425 0.2199099063873291
426 0.2716439962387085
427 0.2210678905248642
428 0.19391517341136932
429 0.15471649169921875
430 0.19497624039649963
431 0.1729702353477478
432 0.1762351244688034
433 0.16741782426834106
434 0.22686053812503815
435 0.2270599603652954
436 0.18733413517475128
437 0.19445651769638062
438 0.20645126700401306
439 0.15158845484256744
440 0.24879616498947144
441 0.2192397266626358
442 0.20599175989627838
443 0.25318604707717896
444 0.2120295763015747
445 0.16872873902320862
446 0.19399449229240417
447 0.1804741770029068
448 0.18309779465198517
449 0.22752518951892853
450 0.20128685235977173
451 0.18656212091445923
452 0.29598259925842285
453 0.19239377975463867
454 0.22938412427902222
455 0.18808728456497192
456 0.19174721837043762
457 0.19884838163852692
458 0.2411337047815323
459 0.23238833248615265
460 0.18495185673236847
461 0.24377357959747314
462 0.16780316829681396
463 0.15354499220848083
464 0.15095850825309753
465 0.22812436521053314
466 0.23366351425647736
467 0.27483418583869934
468 0.3051074147224426
469 0.23620785772800446
470 0.24097201228141785
471 0.2073085606098175
472 0.2176399827003479
473 0.17862802743911743
474 0.20764067769050598
475 0.27502530813217163
476 0.24891488254070282
477 0.20332178473472595
478 0.20000210404396057
479 0.24116048216819763
480 0.18486754596233368
481 0.21637603640556335
482 0.22438177466392517
483 0.23012377321720123
484 0.15827439725399017
485 0.2921570837497711
486 0.16748031973838806
487 0.3039303719997406
488 0.2551056742668152
489 0.18228602409362793
490 0.21906892955303192
491 0.16652248799800873
492 0.18697234988212585
493 0.235894113779068
494 0.21446536481380463
495 0.21096178889274597
496 0.20092551410198212
497 0.28701478242874146
498 0.20499572157859802
499 0.18556298315525055
500 0.22575251758098602
501 0.20882490277290344
502 0.2565321624279022
503 0.14871901273727417
504 0.18181706964969635
505 0.2032826691865921
506 0.15341728925704956
507 0.22855664789676666
508 0.23065124452114105
509 0.22060680389404297
510 0.2366967797279358
511 0.225169375538826
512 0.24146464467048645
513 0.21513567864894867
514 0.2308589518070221
515 0.18369819223880768
516 0.17036180198192596
517 0.18664053082466125
518 0.21691986918449402
519 0.200361430644989
520 0.18235331773757935
521 0.1781770884990692
522 0.16229362785816193
523 0.252551794052124
524 0.14036774635314941
525 0.20641115307807922
526 0.1889205425977707
527 0.13763077557086945
528 0.32323363423347473
529 0.199809730052948
530 0.20368053019046783
531 0.19618521630764008
532 0.29001346230506897
533 0.20722471177577972
534 0.15955840051174164
535 0.2315179705619812
536 0.22844558954238892
537 0.2140388935804367
538 0.2791723310947418
539 0.2154415398836136
540 0.17787566781044006
541 0.2447088211774826
542 0.2546730637550354
543 0.23878079652786255
544 0.20173251628875732
545 0.19380596280097961
546 0.24985574185848236
547 0.17276956140995026
548 0.2099519819021225
549 0.22538422048091888
550 0.23540645837783813
551 0.23010805249214172
552 0.24616551399230957
553 0.27388229966163635
554 0.19723612070083618
555 0.19438546895980835
556 0.23595038056373596
557 0.28841426968574524
558 0.22033116221427917
559 0.26528921723365784
560 0.17465347051620483
561 0.18827249109745026
562 0.19209372997283936
563 0.15761226415634155
564 0.2030887007713318
565 0.1814064383506775
566 0.17135067284107208
567 0.23126554489135742
568 0.20779424905776978
569 0.18240684270858765
570 0.16331607103347778
571 0.21557269990444183
572 0.2066321074962616
573 0.13928082585334778
574 0.22451230883598328
575 0.1454055905342102
576 0.19308333098888397
577 0.14602325856685638
578 0.17492252588272095
579 0.27464759349823
580 0.14187344908714294
581 0.21331487596035004
582 0.22740325331687927
583 0.16734950244426727
584 0.20716682076454163
585 0.24099329113960266
586 0.14643129706382751
587 0.16952839493751526
588 0.1978192925453186
589 0.23709118366241455
590 0.17182305455207825
591 0.2340562343597412
592 0.1883062869310379
593 0.17989376187324524
594 0.21053750813007355
595 0.16292886435985565
596 0.21189169585704803
597 0.19617171585559845
598 0.15222716331481934
599 0.1874595582485199
600 0.24398194253444672
601 0.16673573851585388
602 0.2756126821041107
603 0.14766162633895874
604 0.14633837342262268
605 0.15998172760009766
606 0.1945570707321167
607 0.1858890801668167
608 0.13840584456920624
609 0.18353793025016785
610 0.1427917331457138
611 0.17353740334510803
612 0.185423344373703
613 0.13497930765151978
614 0.23164400458335876
615 0.2017342895269394
616 0.21765100955963135
617 0.20754222571849823
618 0.22118771076202393
619 0.18287858366966248
620 0.19594046473503113
621 0.19992654025554657
622 0.20058421790599823
623 0.14554044604301453
624 0.20958465337753296
625 0.22575002908706665
626 0.19869326055049896
627 0.22784775495529175
628 0.17863412201404572
629 0.222953662276268
630 0.18378543853759766
631 0.18231017887592316
632 0.15841907262802124
633 0.17157435417175293
634 0.15052354335784912
635 0.20509886741638184
636 0.14649194478988647
637 0.17119547724723816
638 0.22263488173484802
639 0.1562364399433136
640 0.19603577256202698
641 0.1759827435016632
642 0.2623884379863739
643 0.1656702160835266
644 0.20364564657211304
645 0.19149284064769745
646 0.19297745823860168
647 0.19085216522216797
648 0.17699797451496124
649 0.1739618182182312
650 0.18750044703483582
651 0.26830917596817017
652 0.18781664967536926
653 0.17605115473270416
654 0.1892111897468567
655 0.19296754896640778
656 0.19978103041648865
657 0.17121386528015137
658 0.1718931496143341
659 0.2199493944644928
660 0.20587369799613953
661 0.15728648006916046
662 0.22972960770130157
663 0.23720993101596832
664 0.22748026251792908
665 0.1610456109046936
666 0.19121816754341125
667 0.18129009008407593
668 0.21650676429271698
669 0.25274574756622314
670 0.14235207438468933
671 0.2395322620868683
672 0.20500443875789642
673 0.1318618655204773
674 0.15585443377494812
675 0.13083505630493164
676 0.17212118208408356
677 0.18757134675979614
678 0.21459239721298218
679 0.23176181316375732
680 0.22451108694076538
681 0.23940415680408478
682 0.21059966087341309
683 0.20860359072685242
684 0.1619221568107605
685 0.21472172439098358
686 0.17981936037540436
687 0.13277478516101837
688 0.19268958270549774
689 0.17587684094905853
690 0.16545696556568146
691 0.18394158780574799
692 0.2078179121017456
693 0.14894546568393707
694 0.14010703563690186
695 0.1775808483362198
696 0.18255984783172607
697 0.18251922726631165
698 0.2924084961414337
699 0.1402159035205841
700 0.19055430591106415
701 0.2565258741378784
702 0.27070677280426025
703 0.23379510641098022
704 0.23250345885753632
705 0.14960667490959167
706 0.177273690700531
707 0.2846340835094452
708 0.15033361315727234
709 0.20949837565422058
710 0.18223336338996887
711 0.15549418330192566
712 0.2056463062763214
713 0.2139635980129242
714 0.17314423620700836
715 0.20301397144794464
716 0.19673079252243042
717 0.15761655569076538
718 0.22792449593544006
719 0.26585686206817627
720 0.19500523805618286
721 0.21339523792266846
722 0.18476790189743042
723 0.21839484572410583
724 0.19728708267211914
725 0.14827968180179596
726 0.1748678982257843
727 0.21403861045837402
728 0.23233413696289062
729 0.1808091551065445
730 0.2110145539045334
731 0.2034340798854828
732 0.2214834839105606
733 0.16883496940135956
734 0.19156301021575928
735 0.20251131057739258
736 0.20724737644195557
737 0.2050532102584839
738 0.20571228861808777
739 0.16903865337371826
740 0.17157551646232605
741 0.1966376155614853
742 0.1806163787841797
743 0.14117760956287384
744 0.17730514705181122
745 0.1381644904613495
746 0.17338450253009796
747 0.1685112863779068
748 0.15195906162261963
749 0.23821836709976196
750 0.23076677322387695
751 0.20126745104789734
752 0.17303037643432617
753 0.14890195429325104
754 0.19304269552230835
755 0.20484164357185364
756 0.20789436995983124
757 0.13289770483970642
758 0.18623928725719452
759 0.12620201706886292
760 0.1787358671426773
761 0.20691116154193878
762 0.18921934068202972
763 0.19766123592853546
764 0.15103158354759216
765 0.19048278033733368
766 0.21028493344783783
767 0.1540786474943161
768 0.12724995613098145
769 0.2470412701368332
770 0.13436086475849152
771 0.17508962750434875
772 0.18268977105617523
773 0.17626594007015228
774 0.13620831072330475
775 0.12283491343259811
776 0.1892206072807312
777 0.15732568502426147
778 0.18316733837127686
779 0.18106988072395325
780 0.15244168043136597
781 0.18370658159255981
782 0.17432358860969543
783 0.1118106096982956
784 0.15394411981105804
785 0.15184944868087769
786 0.21184617280960083
787 0.20290125906467438
788 0.1503266841173172
789 0.1603248119354248
790 0.24258314073085785
791 0.17996755242347717
792 0.165549635887146
793 0.1548776924610138
794 0.18671584129333496
795 0.17224827408790588
796 0.14802853763103485
797 0.18990999460220337
798 0.1670733392238617
799 0.2189885377883911
800 0.18572303652763367
801 0.14706800878047943
802 0.15391597151756287
803 0.18925973773002625
804 0.2074107825756073
805 0.19389256834983826
806 0.21057134866714478
807 0.18885460495948792
808 0.1997259259223938
809 0.12590044736862183
810 0.1723640412092209
811 0.19558578729629517
812 0.20555546879768372
813 0.17270684242248535
814 0.2185056507587433
815 0.14001554250717163
816 0.2167622298002243
817 0.1501069962978363
818 0.19681110978126526
819 0.19717295467853546
820 0.186141699552536
821 0.2126481831073761
822 0.12733547389507294
823 0.19150137901306152
824 0.1754990518093109
825 0.1582140475511551
826 0.19116002321243286
827 0.25561225414276123
828 0.1623266488313675
829 0.15518467128276825
830 0.15471580624580383
831 0.15085817873477936
832 0.20442093908786774
833 0.24497120082378387
834 0.17194543778896332
835 0.12937380373477936
836 0.19035565853118896
837 0.14964595437049866
838 0.16263587772846222
839 0.14524440467357635
840 0.19112801551818848
841 0.14917992055416107
842 0.1593461036682129
843 0.16586656868457794
844 0.19941605627536774
845 0.14090745151042938
846 0.1404733955860138
847 0.15761196613311768
848 0.15821415185928345
849 0.1730656772851944
850 0.10667763650417328
851 0.2039901614189148
852 0.1290733963251114
853 0.17871533334255219
854 0.14590851962566376
855 0.13149937987327576
856 0.16997922956943512
857 0.22488448023796082
858 0.1795653998851776
859 0.13814036548137665
860 0.12523844838142395
861 0.1179448738694191
862 0.14368639886379242
863 0.1635344922542572
864 0.1329943984746933
865 0.18949462473392487
866 0.1350555419921875
867 0.1583510935306549
868 0.15372931957244873
869 0.1659940779209137
870 0.15518219769001007
871 0.14345546066761017
872 0.23339015245437622
873 0.17091268301010132
874 0.20652838051319122
875 0.19182151556015015
876 0.20098666846752167
877 0.14796073734760284
878 0.19325999915599823
879 0.19321224093437195
880 0.1543089747428894
881 0.17451466619968414
882 0.20780712366104126
883 0.13508430123329163
884 0.18355153501033783
885 0.16265612840652466
886 0.11943821609020233
887 0.11945042014122009
888 0.15011513233184814
889 0.1133478581905365
890 0.12958383560180664
891 0.12381471693515778
892 0.1602628082036972
893 0.14474569261074066
894 0.18563227355480194
895 0.15751859545707703
896 0.13296863436698914
897 0.18292076885700226
898 0.16032233834266663
899 0.1369248926639557
900 0.17362365126609802
901 0.19278013706207275
902 0.19592316448688507
903 0.22397898137569427
904 0.14392387866973877
905 0.25738340616226196
906 0.14557845890522003
907 0.13012777268886566
908 0.17038001120090485
909 0.18513444066047668
910 0.1954936385154724
911 0.18247902393341064
912 0.19676773250102997
913 0.13474953174591064
914 0.14736047387123108
915 0.16058897972106934
916 0.17095723748207092
917 0.11850346624851227
918 0.1445588767528534
919 0.1970418393611908
920 0.15221154689788818
921 0.19027364253997803
922 0.15248100459575653
923 0.199544295668602
924 0.1724996715784073
925 0.188038170337677
926 0.19666948914527893
927 0.16528140008449554
928 0.14204683899879456
929 0.1511903554201126
930 0.1305222064256668
931 0.1589183509349823
932 0.10815928876399994
933 0.11928528547286987
934 0.13655062019824982
935 0.17975103855133057
936 0.18709643185138702
937 0.22785788774490356
938 0.11932991445064545
939 0.16569775342941284
940 0.1257951259613037
941 0.13646703958511353
942 0.14500056207180023
943 0.23118680715560913
944 0.13342761993408203
945 0.13250413537025452
946 0.17341935634613037
947 0.15871232748031616
948 0.1419040858745575
949 0.15310660004615784
950 0.15094168484210968
951 0.1115574985742569
952 0.2020953744649887
953 0.1702573448419571
954 0.11722145974636078
955 0.13789282739162445
956 0.10713007301092148
957 0.15374256670475006
958 0.17303937673568726
959 0.15152817964553833
960 0.10375136137008667
961 0.18042343854904175
962 0.16886299848556519
963 0.11652102321386337
964 0.1508004367351532
965 0.12506532669067383
966 0.14729735255241394
967 0.19244197010993958
968 0.15297460556030273
969 0.1749882698059082
970 0.1479867547750473
971 0.1400362253189087
972 0.18164652585983276
973 0.14810462296009064
974 0.15421879291534424
975 0.19627806544303894
976 0.1588069498538971
977 0.1332545131444931
978 0.11815817654132843
979 0.13410143554210663
980 0.1427818238735199
981 0.14892587065696716
982 0.17289206385612488
983 0.173209547996521
984 0.14679385721683502
985 0.13837069272994995
986 0.19196106493473053
987 0.17201578617095947
988 0.19087636470794678
989 0.18489432334899902
990 0.14554806053638458
991 0.14878298342227936
992 0.14421166479587555
993 0.13524633646011353
994 0.1787087619304657
995 0.21750305593013763
996 0.14702114462852478
997 0.1624138057231903
998 0.1590777039527893
999 0.12732376158237457
1000 0.22260363399982452
1001 0.17963877320289612
1002 0.14892679452896118
1003 0.15414677560329437
1004 0.1666366457939148
1005 0.1721515655517578
1006 0.19177883863449097
1007 0.14958159625530243
1008 0.17655059695243835
1009 0.1921815574169159
1010 0.18397952616214752
1011 0.15277710556983948
1012 0.17885154485702515
1013 0.2024867832660675
1014 0.15461386740207672
1015 0.17903178930282593
1016 0.19254189729690552
1017 0.125234454870224
1018 0.1642533838748932
1019 0.18951576948165894
1020 0.16686321794986725
1021 0.1654679924249649
1022 0.1722497195005417
1023 0.15188291668891907
1024 0.14710021018981934
1025 0.12602031230926514
1026 0.1521538943052292
1027 0.13912318646907806
1028 0.19601133465766907
1029 0.16955502331256866
1030 0.17916229367256165
1031 0.17394553124904633
1032 0.23818610608577728
1033 0.18561917543411255
1034 0.23574067652225494
1035 0.19271628558635712
1036 0.1275406777858734
1037 0.10460444539785385
1038 0.21536996960639954
1039 0.16337108612060547
1040 0.16996486485004425
1041 0.1871761530637741
1042 0.14530278742313385
1043 0.16913476586341858
1044 0.11949996650218964
1045 0.1671682447195053
1046 0.19271549582481384
1047 0.18789704144001007
1048 0.16320054233074188
1049 0.16899602115154266
1050 0.15803539752960205
1051 0.2018543928861618
1052 0.23210100829601288
1053 0.22260500490665436
1054 0.21023689210414886
1055 0.3036952018737793
1056 0.1961657851934433
1057 0.21364828944206238
1058 0.17352412641048431
1059 0.23209220170974731
1060 0.18150436878204346
1061 0.19552114605903625
1062 0.17699439823627472
1063 0.20165297389030457
1064 0.14589659869670868
1065 0.15001946687698364
1066 0.15745793282985687
1067 0.11318279802799225
1068 0.15265868604183197
1069 0.16294732689857483
1070 0.18563365936279297
1071 0.1694122701883316
1072 0.14343789219856262
1073 0.1520652174949646
1074 0.11774848401546478
1075 0.20531079173088074
1076 0.17138774693012238
1077 0.1938449740409851
1078 0.19919291138648987
1079 0.1294773817062378
1080 0.17387333512306213
1081 0.20187926292419434
1082 0.14443789422512054
1083 0.19972151517868042
1084 0.1603168547153473
1085 0.14308178424835205
1086 0.1539212465286255
1087 0.151462122797966
1088 0.16504859924316406
1089 0.20999804139137268
1090 0.12442996352910995
1091 0.1873777061700821
1092 0.18524225056171417
1093 0.17670518159866333
1094 0.1676470935344696
1095 0.1597631573677063
1096 0.1895788162946701
1097 0.12089528888463974
1098 0.19372855126857758
1099 0.14208984375
1100 0.12944230437278748
1101 0.1342201977968216
1102 0.10922083258628845
1103 0.19696609675884247
1104 0.2601008713245392
1105 0.19216246902942657
1106 0.206816166639328
1107 0.1739632487297058
1108 0.25703608989715576
1109 0.1726059913635254
1110 0.24136404693126678
1111 0.1531924456357956
1112 0.14199556410312653
1113 0.14165948331356049
1114 0.20655934512615204
1115 0.1444603055715561
1116 0.16058751940727234
1117 0.14136949181556702
1118 0.16926808655261993
1119 0.16075100004673004
1120 0.1868574023246765
1121 0.16023285686969757
1122 0.1659380942583084
1123 0.24295297265052795
1124 0.15754540264606476
1125 0.15753525495529175
1126 0.14730511605739594
1127 0.18269741535186768
1128 0.14164507389068604
1129 0.1671929657459259
1130 0.18969283998012543
1131 0.12335659563541412
1132 0.2129460573196411
1133 0.1294926255941391
1134 0.14020347595214844
1135 0.1357717514038086
1136 0.16638149321079254
1137 0.18298916518688202
1138 0.1520269364118576
1139 0.12540265917778015
1140 0.14184598624706268
1141 0.1375853717327118
1142 0.16798090934753418
1143 0.1426464468240738
1144 0.1801047921180725
1145 0.13625459372997284
1146 0.12552890181541443
1147 0.14952580630779266
1148 0.20694008469581604
1149 0.15100732445716858
1150 0.13788633048534393
1151 0.1848587691783905
1152 0.15223869681358337
1153 0.14290480315685272
1154 0.20246881246566772
1155 0.15164044499397278
1156 0.13204805552959442
1157 0.13181033730506897
1158 0.13831311464309692
1159 0.12186773121356964
1160 0.1625605672597885
1161 0.13343922793865204
1162 0.11917616426944733
1163 0.15030837059020996
1164 0.12049601972103119
1165 0.17891350388526917
1166 0.16228589415550232
1167 0.22021041810512543
1168 0.13126637041568756
1169 0.13881716132164001
1170 0.18490619957447052
1171 0.1226414144039154
1172 0.1751089245080948
1173 0.17754513025283813
1174 0.1431058943271637
1175 0.151140958070755
1176 0.1652691662311554
1177 0.16676944494247437
1178 0.11924058943986893
1179 0.16087734699249268
1180 0.11181837320327759
1181 0.20616745948791504
1182 0.16544771194458008
1183 0.13968709111213684
1184 0.1008957177400589
1185 0.1251765787601471
1186 0.13976775109767914
1187 0.15180814266204834
1188 0.13096646964550018
1189 0.18807783722877502
1190 0.1440024971961975
1191 0.153353750705719
1192 0.14876800775527954
1193 0.13559573888778687
1194 0.14863631129264832
1195 0.15915849804878235
1196 0.19515162706375122
1197 0.16484470665454865
1198 0.14577358961105347
1199 0.17461636662483215
1200 0.12568821012973785
1201 0.16229720413684845
1202 0.20975010097026825
1203 0.1085810735821724
1204 0.17057546973228455
1205 0.11997568607330322
1206 0.192820742726326
1207 0.16598276793956757
1208 0.19970524311065674
1209 0.18563269078731537
1210 0.18188011646270752
1211 0.17257925868034363
1212 0.13752120733261108
1213 0.11742042005062103
1214 0.16840718686580658
1215 0.14751508831977844
1216 0.10960230231285095
1217 0.1544509083032608
1218 0.1162019819021225
1219 0.1239471435546875
1220 0.16129884123802185
1221 0.16174638271331787
1222 0.1632784754037857
1223 0.12854497134685516
1224 0.1876247525215149
1225 0.1748083084821701
1226 0.19940680265426636
1227 0.13837625086307526
1228 0.16795028746128082
1229 0.12802240252494812
1230 0.1521473228931427
1231 0.14419901371002197
1232 0.1810399293899536
1233 0.13459143042564392
1234 0.1329510658979416
1235 0.22405993938446045
1236 0.15366575121879578
1237 0.1587374210357666
1238 0.1196155846118927
1239 0.16482391953468323
1240 0.19365984201431274
1241 0.136138454079628
1242 0.14249680936336517
1243 0.1861104667186737
1244 0.11022653430700302
1245 0.1361885964870453
1246 0.1410808563232422
1247 0.12388259172439575
1248 0.09461776167154312
1249 0.14051398634910583
1250 0.13866502046585083
1251 0.13620096445083618
1252 0.16867274045944214
1253 0.1530470848083496
1254 0.16606009006500244
1255 0.10600858926773071
1256 0.1493883728981018
1257 0.1562841832637787
1258 0.15689940750598907
1259 0.16966968774795532
1260 0.17415693402290344
1261 0.09112697094678879
1262 0.13565409183502197
1263 0.1719750463962555
1264 0.20038381218910217
1265 0.14450772106647491
1266 0.12556564807891846
1267 0.11817610263824463
1268 0.2016613483428955
1269 0.16187067329883575
1270 0.2071646898984909
1271 0.19434449076652527
1272 0.15187472105026245
1273 0.11054005473852158
1274 0.1745668649673462
1275 0.1938769519329071
1276 0.1638345867395401
1277 0.177400141954422
1278 0.14802157878875732
1279 0.1608310490846634
1280 0.15909530222415924
1281 0.10601601004600525
1282 0.15085822343826294
1283 0.17399738729000092
1284 0.15844818949699402
1285 0.19800251722335815
1286 0.16538023948669434
1287 0.16683807969093323
1288 0.1577099859714508
1289 0.15248358249664307
1290 0.24498160183429718
1291 0.14567138254642487
1292 0.16740387678146362
1293 0.15355628728866577
1294 0.14412914216518402
1295 0.12538664042949677
1296 0.187795028090477
1297 0.1254730373620987
1298 0.16866818070411682
1299 0.13252335786819458
1300 0.21970893442630768
1301 0.13688145577907562
1302 0.13961535692214966
1303 0.1256740242242813
1304 0.17283602058887482
1305 0.17480215430259705
1306 0.17831164598464966
1307 0.10414284467697144
1308 0.1889629065990448
1309 0.12635958194732666
1310 0.13389134407043457
1311 0.13668781518936157
1312 0.16057124733924866
1313 0.1371964067220688
1314 0.1294330656528473
1315 0.143803209066391
1316 0.12681670486927032
1317 0.12557052075862885
1318 0.19298793375492096
1319 0.1502954661846161
1320 0.15828010439872742
1321 0.1805696189403534
1322 0.15848465263843536
1323 0.1677010953426361
1324 0.13710935413837433
1325 0.1435331106185913
1326 0.16958153247833252
1327 0.117275170981884
1328 0.15554173290729523
1329 0.1425085961818695
1330 0.11894042789936066
1331 0.12193018198013306
1332 0.17027489840984344
1333 0.15486808121204376
1334 0.16671523451805115
1335 0.1612604260444641
1336 0.1834186613559723
1337 0.16622814536094666
1338 0.10012747347354889
1339 0.18457502126693726
1340 0.17225992679595947
1341 0.18493422865867615
1342 0.1548231542110443
1343 0.15674030780792236
1344 0.14998632669448853
1345 0.13919980823993683
1346 0.20482712984085083
1347 0.1529317945241928
1348 0.1537424623966217
1349 0.13192522525787354
1350 0.19094452261924744
1351 0.17679576575756073
1352 0.14954890310764313
1353 0.13364927470684052
1354 0.1310124397277832
1355 0.1904427707195282
1356 0.16167183220386505
1357 0.16752295196056366
1358 0.15956157445907593
1359 0.16158296167850494
1360 0.1681673526763916
1361 0.21148358285427094
1362 0.18029506504535675
1363 0.17551997303962708
1364 0.16176512837409973
1365 0.1588657647371292
1366 0.19094757735729218
1367 0.14244863390922546
1368 0.1390383541584015
1369 0.13760071992874146
1370 0.16882377862930298
1371 0.2013692855834961
1372 0.13672277331352234
1373 0.1040300726890564
1374 0.19240042567253113
1375 0.1607191115617752
1376 0.14751914143562317
1377 0.16008135676383972
1378 0.17454469203948975
1379 0.10616585612297058
1380 0.12882669270038605
1381 0.13898363709449768
1382 0.1916382610797882
1383 0.1502605378627777
1384 0.14212705194950104
1385 0.174207404255867
1386 0.15862570703029633
1387 0.1608557552099228
1388 0.21665045619010925
1389 0.23519492149353027
1390 0.18722078204154968
1391 0.14166288077831268
1392 0.17575868964195251
1393 0.09943686425685883
1394 0.17946821451187134
1395 0.1463478058576584
1396 0.240582674741745
1397 0.23968447744846344
1398 0.12796232104301453
1399 0.17684441804885864
1400 0.17139843106269836
1401 0.1795462667942047
1402 0.1779581606388092
1403 0.2502857446670532
1404 0.22890380024909973
1405 0.1816275715827942
1406 0.17188814282417297
1407 0.19074727594852448
1408 0.16919521987438202
1409 0.2378651350736618
1410 0.15462034940719604
1411 0.14220641553401947
1412 0.16549301147460938
1413 0.14407482743263245
1414 0.18212532997131348
1415 0.2217131108045578
1416 0.22808286547660828
1417 0.1524960696697235
1418 0.16354061663150787
1419 0.1720244139432907
1420 0.13512879610061646
1421 0.21554604172706604
1422 0.14534662663936615
1423 0.16310593485832214
1424 0.19248566031455994
1425 0.14985398948192596
1426 0.14141643047332764
1427 0.17942550778388977
1428 0.20392847061157227
1429 0.14841756224632263
1430 0.13677501678466797
1431 0.16339723765850067
1432 0.12788550555706024
1433 0.14299839735031128
1434 0.16094133257865906
1435 0.15136171877384186
1436 0.11753106117248535
1437 0.19842523336410522
1438 0.18265949189662933
1439 0.11814180016517639
1440 0.14130176603794098
1441 0.12747783958911896
1442 0.15808407962322235
1443 0.18613293766975403
1444 0.16454754769802094
1445 0.17654074728488922
1446 0.18394140899181366
1447 0.18122415244579315
1448 0.16158685088157654
1449 0.12017020583152771
1450 0.16876356303691864
1451 0.14768095314502716
1452 0.11727886646986008
1453 0.18979349732398987
1454 0.20902585983276367
1455 0.19011279940605164
1456 0.1841253936290741
1457 0.19132843613624573
1458 0.1421227753162384
1459 0.13856340944766998
1460 0.18697915971279144
1461 0.19277356564998627
1462 0.14434997737407684
1463 0.20795480906963348
1464 0.1524319052696228
1465 0.1522916555404663
1466 0.2037542760372162
1467 0.18263348937034607
1468 0.13556629419326782
1469 0.18536919355392456
1470 0.13609790802001953
1471 0.13660848140716553
1472 0.11583827435970306
1473 0.1748545914888382
1474 0.12592291831970215
1475 0.09779030084609985
1476 0.15961050987243652
1477 0.10510526597499847
1478 0.27066269516944885
1479 0.15678754448890686
1480 0.225950226187706
1481 0.12586046755313873
1482 0.1336263120174408
1483 0.17204993963241577
1484 0.19575190544128418
1485 0.17054946720600128
1486 0.1692914366722107
1487 0.12843520939350128
1488 0.15130281448364258
1489 0.17482078075408936
1490 0.16111405193805695
1491 0.1363193541765213
1492 0.1379287838935852
1493 0.1362171769142151
1494 0.09951690584421158
1495 0.1851685345172882
1496 0.1405317783355713
1497 0.1339995563030243
1498 0.1255926787853241
1499 0.1629163920879364
1500 0.14054977893829346
1501 0.13042762875556946
1502 0.15908749401569366
1503 0.1375567615032196
1504 0.13809356093406677
1505 0.1540084183216095
1506 0.17065900564193726
1507 0.1816623955965042
1508 0.1487574577331543
1509 0.16824041306972504
1510 0.13926005363464355
1511 0.11854641139507294
1512 0.2392454892396927
1513 0.2274021953344345
1514 0.16451868414878845
1515 0.16754817962646484
1516 0.18686683475971222
1517 0.16159053146839142
1518 0.2018537074327469
1519 0.0975358635187149
1520 0.16330264508724213
1521 0.2320648431777954
1522 0.1954450011253357
1523 0.15034934878349304
1524 0.2208767980337143
1525 0.15675397217273712
1526 0.16623470187187195
1527 0.17424792051315308
1528 0.16082549095153809
1529 0.13232725858688354
1530 0.14060384035110474
1531 0.13909585773944855
1532 0.1768709123134613
1533 0.14023758471012115
1534 0.16343995928764343
1535 0.13188521564006805
1536 0.18409763276576996
1537 0.17899510264396667
1538 0.21063117682933807
1539 0.14513346552848816
1540 0.14632219076156616
1541 0.13747937977313995
1542 0.15645696222782135
1543 0.12374936044216156
1544 0.11943896114826202
1545 0.11732688546180725
1546 0.17514747381210327
1547 0.15797558426856995
1548 0.16144457459449768
1549 0.14076140522956848
1550 0.16766008734703064
1551 0.13410870730876923
1552 0.17544075846672058
1553 0.16076655685901642
1554 0.17430652678012848
1555 0.1533445119857788
1556 0.1867395043373108
1557 0.13370367884635925
1558 0.17328345775604248
1559 0.12159314751625061
1560 0.15914800763130188
1561 0.12018530070781708
1562 0.10315439105033875
1563 0.19856764376163483
1564 0.1766311675310135
1565 0.14268842339515686
1566 0.09272901713848114
1567 0.14392207562923431
1568 0.17890964448451996
1569 0.1088971495628357
1570 0.13356678187847137
1571 0.19362793862819672
1572 0.1337066888809204
1573 0.1566547453403473
1574 0.24257361888885498
1575 0.18297266960144043
1576 0.08993874490261078
1577 0.12280000746250153
1578 0.15758566558361053
1579 0.18858790397644043
1580 0.22016027569770813
1581 0.15142636001110077
1582 0.14465756714344025
1583 0.1081787496805191
1584 0.13798317313194275
1585 0.14080695807933807
1586 0.16147714853286743
1587 0.16872760653495789
1588 0.10836127400398254
1589 0.14798641204833984
1590 0.14523515105247498
1591 0.09498482942581177
1592 0.14841468632221222
1593 0.18094642460346222
1594 0.18251870572566986
1595 0.1507265865802765
1596 0.11758267879486084
1597 0.15726763010025024
1598 0.1613127589225769
1599 0.1259055733680725
1600 0.1559426188468933
1601 0.15048366785049438
1602 0.16646850109100342
1603 0.19636747241020203
1604 0.13018721342086792
1605 0.1589542031288147
1606 0.1648183912038803
1607 0.13234061002731323
1608 0.13479353487491608
1609 0.16716806590557098
1610 0.22529402375221252
1611 0.118102066218853
1612 0.16480600833892822
1613 0.17797835171222687
1614 0.19144119322299957
1615 0.10420861095190048
1616 0.13007080554962158
1617 0.1375746726989746
1618 0.15898464620113373
1619 0.18267105519771576
1620 0.19555208086967468
1621 0.17654617130756378
1622 0.13607123494148254
1623 0.15668681263923645
1624 0.16029945015907288
1625 0.1653565615415573
1626 0.16214221715927124
1627 0.1508568525314331
1628 0.13794970512390137
1629 0.17697042226791382
1630 0.17643895745277405
1631 0.11092397570610046
1632 0.10947838425636292
1633 0.1798352301120758
1634 0.16668128967285156
1635 0.1459728479385376
1636 0.13018395006656647
1637 0.1349520981311798
1638 0.1346103698015213
1639 0.15894070267677307
1640 0.16867101192474365
1641 0.12894082069396973
1642 0.18709591031074524
1643 0.1278005987405777
1644 0.148969829082489
1645 0.09021389484405518
1646 0.1787770539522171
1647 0.13433103263378143
1648 0.13244259357452393
1649 0.2230689823627472
1650 0.16847555339336395
1651 0.1543155014514923
1652 0.1171044111251831
1653 0.17875874042510986
1654 0.16264289617538452
1655 0.1200297623872757
1656 0.120611771941185
1657 0.11745956540107727
1658 0.14468622207641602
1659 0.09780330210924149
1660 0.13941723108291626
1661 0.15980729460716248
1662 0.15689411759376526
1663 0.16910357773303986
1664 0.17279696464538574
1665 0.17991840839385986
1666 0.1403883695602417
1667 0.14944902062416077
1668 0.1001812070608139
1669 0.16895200312137604
1670 0.13777019083499908
1671 0.15195304155349731
1672 0.11247549951076508
1673 0.16174310445785522
1674 0.2076875865459442
1675 0.12680651247501373
1676 0.1014254167675972
1677 0.13961546123027802
1678 0.1447589099407196
1679 0.13446292281150818
1680 0.11012288928031921
1681 0.10087071359157562
1682 0.11764123290777206
1683 0.18067795038223267
1684 0.1695786416530609
1685 0.18735350668430328
1686 0.16761529445648193
1687 0.1795552670955658
1688 0.17107585072517395
1689 0.1735280156135559
1690 0.18716460466384888
1691 0.13000687956809998
1692 0.16151739656925201
1693 0.14740565419197083
1694 0.10197640210390091
1695 0.1540520042181015
1696 0.13522882759571075
1697 0.17710815370082855
1698 0.12452885508537292
1699 0.1692667156457901
1700 0.22457867860794067
1701 0.1555681675672531
1702 0.1318904012441635
1703 0.19060492515563965
1704 0.11825448274612427
1705 0.14723056554794312
1706 0.1426520198583603
1707 0.1908378303050995
1708 0.15734775364398956
1709 0.15107902884483337
1710 0.12252186238765717
1711 0.19841855764389038
1712 0.12019489705562592
1713 0.12612682580947876
1714 0.19643305242061615
1715 0.17546582221984863
1716 0.12892627716064453
1717 0.125771164894104
1718 0.2254079282283783
1719 0.17703363299369812
1720 0.1213332787156105
1721 0.1246570348739624
1722 0.16811934113502502
