0 0.1395602822303772
1 0.10442052036523819
2 0.0723079964518547
3 0.06722614914178848
4 0.05596843361854553
5 0.043075013905763626
6 0.02478552795946598
7 0.023157605901360512
8 0.014298955909907818
9 0.018958482891321182
10 0.01633269339799881
11 0.016207046806812286
12 0.01185336709022522
13 0.013461080379784107
14 0.01306066382676363
15 0.01324563566595316
16 0.011873443610966206
17 0.011626132763922215
18 0.011022225022315979
19 0.011341026984155178
20 0.008545908145606518
21 0.012505422346293926
22 0.013298220932483673
23 0.010276583023369312
24 0.010383857414126396
25 0.012735920958220959
26 0.008879751898348331
27 0.008963904343545437
28 0.006806209217756987
29 0.01396998018026352
30 0.007402599323540926
31 0.0074062892235815525
32 0.008856172673404217
33 0.005188567563891411
34 0.01339236181229353
35 0.0058363513089716434
36 0.006664142478257418
37 0.005783986300230026
38 0.005798956844955683
39 0.006932274904102087
40 0.005371788050979376
41 0.00951423030346632
42 0.005484033841639757
43 0.004495288711041212
44 0.004107700660824776
45 0.005868587177246809
46 0.005006698425859213
47 0.0034362568985670805
48 0.004411337431520224
49 0.004470392595976591
50 0.00501326285302639
51 0.003679288551211357
52 0.004313810262829065
53 0.004315236117690802
54 0.003824125975370407
55 0.002880140906199813
56 0.002448403974995017
57 0.0035245325416326523
58 0.002766313962638378
59 0.0036215491127222776
60 0.003382662544026971
61 0.004135546740144491
62 0.0027870777994394302
63 0.004913382697850466
64 0.003542356425896287
65 0.00612636236473918
66 0.0021496289409697056
67 0.005321175325661898
68 0.004021668341010809
69 0.004538918845355511
70 0.005093079525977373
71 0.006822195369750261
72 0.005234846379607916
73 0.006006611976772547
74 0.0065004765056073666
75 0.004099291283637285
76 0.006630452815443277
77 0.004038152284920216
78 0.00695007061585784
79 0.004826610442250967
80 0.0030637525487691164
81 0.005798064172267914
82 0.0031718474347144365
83 0.0037296609953045845
84 0.0028582820668816566
85 0.002294727601110935
86 0.0050713736563920975
87 0.003200648119673133
88 0.004249848425388336
89 0.0026261014863848686
90 0.004714640323072672
91 0.0034197166096419096
92 0.003953622654080391
93 0.003154253587126732
94 0.004036318976432085
95 0.003433897392824292
96 0.00350026972591877
97 0.0032717667054384947
98 0.003150230972096324
99 0.003467119997367263
100 0.0021116731222718954
101 0.004044931847602129
102 0.003304253565147519
103 0.003218874102458358
104 0.001836139359511435
105 0.0018441200954839587
106 0.003040020354092121
107 0.0037531398702412844
108 0.002439693780615926
109 0.0032849896233528852
110 0.002952796407043934
111 0.0028386851772665977
112 0.0034545555245131254
113 0.002670665504410863
114 0.002949506975710392
115 0.0023323206696659327
116 0.003160380758345127
117 0.0032301105093210936
118 0.002494656713679433
119 0.002872111974284053
120 0.001836768351495266
121 0.002185159595683217
122 0.0031143371015787125
123 0.004921723622828722
124 0.004029553383588791
125 0.0028109995182603598
126 0.004815935622900724
127 0.002922465093433857
128 0.0030345756094902754
129 0.004121587611734867
130 0.005343916360288858
131 0.0037313171196728945
132 0.0031445983331650496
133 0.0027424476575106382
134 0.0021834897343069315
135 0.0022739581763744354
136 0.0027251020073890686
137 0.0025753024965524673
138 0.0037812020163983107
139 0.002220687223598361
140 0.002210101345553994
141 0.0034388545900583267
142 0.003133499063551426
143 0.0033279869239777327
144 0.0026002058293670416
145 0.0031724495347589254
146 0.0023450248409062624
147 0.0018577305600047112
148 0.0030558835715055466
149 0.0021141383331269026
150 0.005142454523593187
151 0.002971738576889038
152 0.00386400637216866
153 0.0031606361735612154
154 0.0020230580121278763
155 0.0032903675455600023
156 0.002364212879911065
157 0.0016110525466501713
158 0.0025863542687147856
159 0.003167621558532119
160 0.004366759676486254
161 0.003328503342345357
162 0.003475672798231244
163 0.0042503648437559605
164 0.0038803413044661283
165 0.005662634968757629
166 0.004150207154452801
167 0.0025137949269264936
168 0.0069464729167521
169 0.0036561826709657907
170 0.004587593488395214
171 0.002528179669752717
172 0.002821069210767746
173 0.003951792139559984
174 0.0036705583333969116
175 0.0025617037899792194
176 0.0023286452051252127
177 0.004610222298651934
178 0.002085033804178238
179 0.0018750423332676291
180 0.003125476650893688
181 0.003502604318782687
182 0.0021159022580832243
183 0.0034701090771704912
184 0.0026395015884190798
185 0.0027254170272499323
186 0.003066813573241234
187 0.004626277834177017
188 0.002626030705869198
189 0.005269763525575399
190 0.0064123705960810184
191 0.002459657145664096
192 0.00783888902515173
193 0.002315329620614648
194 0.0030931998044252396
195 0.0040703569538891315
196 0.0020512144546955824
197 0.004320802632719278
198 0.00258805719204247
199 0.002392902970314026
200 0.0028111692517995834
201 0.0019737514667212963
202 0.001903967116959393
203 0.0029063832480460405
204 0.004289622418582439
205 0.0023790232371538877
206 0.005476901773363352
207 0.002733804052695632
208 0.006295046303421259
209 0.002170853316783905
210 0.002506096148863435
211 0.005274611990898848
212 0.0025156817864626646
213 0.0030544286128133535
214 0.005926461890339851
215 0.003303583012893796
216 0.004770554136484861
217 0.0017938214587047696
218 0.00215925183147192
219 0.0036985676269978285
220 0.003977947402745485
221 0.0030863501597195864
222 0.002893216209486127
223 0.003585479222238064
224 0.0027904538437724113
225 0.0032223649322986603
226 0.004511910490691662
227 0.0031359342392534018
228 0.002903921529650688
229 0.003050246275961399
230 0.0024790570605546236
231 0.0027770651504397392
232 0.004001148510724306
233 0.002182853175327182
234 0.0027319472283124924
235 0.0047826399095356464
236 0.003089855657890439
237 0.0018150723772123456
238 0.0028642613906413317
239 0.0024865232408046722
240 0.0033172585535794497
241 0.004511611070483923
242 0.0030877534300088882
243 0.0037125330418348312
244 0.004149831365793943
245 0.002978869015350938
246 0.00198203488253057
247 0.003177147125825286
248 0.0037187449634075165
249 0.0037741565611213446
250 0.001961175352334976
251 0.0019230758771300316
252 0.003430509939789772
253 0.003763150190934539
254 0.002915272256359458
255 0.0018909849459305406
256 0.002321515465155244
257 0.0020789774134755135
258 0.0021936078555881977
259 0.0021969820372760296
260 0.0034323129802942276
261 0.0032108116429299116
262 0.002727469429373741
263 0.0016785897314548492
264 0.0024437217507511377
265 0.003009627340361476
266 0.002937640994787216
267 0.002366722794249654
268 0.0027880817651748657
269 0.0019186240388080478
270 0.002160405507311225
271 0.0026465924456715584
272 0.002168029546737671
273 0.0024164041969925165
274 0.0035360537003725767
275 0.0017204784089699388
276 0.0044000414200127125
277 0.0023621607106179
278 0.0033572048414498568
279 0.0023274431005120277
280 0.002220773370936513
281 0.002761881100013852
282 0.0034892605617642403
283 0.002878538565710187
284 0.001824930775910616
285 0.003481973661109805
286 0.002894354984164238
287 0.0028988663107156754
288 0.002023410750553012
289 0.0021616830490529537
290 0.00145357521250844
291 0.0022672866471111774
292 0.0023774192668497562
293 0.001802725251764059
294 0.0025249787140637636
295 0.002981213852763176
296 0.0018252377631142735
297 0.002788785146549344
298 0.002998141571879387
299 0.0025009389501065016
300 0.001822932972572744
301 0.003024563193321228
302 0.0026547573506832123
303 0.002971871057525277
304 0.0033782266546040773
305 0.0023408764973282814
306 0.003098096000030637
307 0.003248891793191433
308 0.0024236892350018024
309 0.0031887830700725317
310 0.0016178687801584601
311 0.003989460878074169
312 0.0037441423628479242
313 0.0018290315056219697
314 0.0028878292068839073
315 0.002284972695633769
316 0.002762146294116974
317 0.0030735947657376528
318 0.003053276566788554
319 0.0033988661598414183
320 0.002543807728216052
321 0.002161208773031831
322 0.002086671767756343
323 0.0016800770536065102
324 0.002081535058096051
325 0.0054894727654755116
326 0.002289093565195799
327 0.004036225378513336
328 0.0025457304436713457
329 0.0021773509215563536
330 0.0033502422738820314
331 0.0018539397278800607
332 0.003533879993483424
333 0.0021178023889660835
334 0.003344619646668434
335 0.0021189560648053885
336 0.002569348318502307
337 0.002337693003937602
338 0.00361566711217165
339 0.002328774891793728
340 0.002972744405269623
341 0.002004834357649088
342 0.002265272894874215
343 0.0018792148912325501
344 0.0024249411653727293
345 0.0017650824738666415
346 0.003349319798871875
347 0.0019803622271865606
348 0.0017696077702566981
349 0.0026134091895073652
350 0.0032029615249484777
351 0.0028121948707848787
352 0.0023734986316412687
353 0.002491552149876952
354 0.0027774628251791
355 0.003991913050413132
356 0.0027057521510869265
357 0.001925517339259386
358 0.003025801619514823
359 0.002761783078312874
360 0.0028321773279458284
361 0.0021121585741639137
362 0.0026283387560397387
363 0.003197149373590946
364 0.00173672114033252
365 0.001963026588782668
366 0.0023218432907015085
367 0.0029129600152373314
368 0.002625216729938984
369 0.0027142895851284266
370 0.0032718207221478224
371 0.0020715517457574606
372 0.002126300008967519
373 0.0025828152429312468
374 0.0024444491136819124
375 0.00493789603933692
376 0.004032783675938845
377 0.0027769373264163733
378 0.0044980901293456554
379 0.004340691491961479
380 0.0034778963308781385
381 0.005635226611047983
382 0.002451615873724222
383 0.005024189129471779
384 0.002060818485915661
385 0.002526240423321724
386 0.003916220739483833
387 0.0029701117891818285
388 0.0029539584647864103
389 0.002784489654004574
390 0.0036592811811715364
391 0.00435579614713788
392 0.003468794748187065
393 0.004187821876257658
394 0.0025622595567256212
395 0.0038376396987587214
396 0.005809821654111147
397 0.002039663726463914
398 0.0024146970827132463
399 0.0027421878185123205
400 0.0021175609435886145
401 0.002748804399743676
402 0.0023688708897680044
403 0.002473514061421156
404 0.002252338221296668
405 0.0018687682459130883
406 0.0015530179953202605
407 0.0027715209871530533
408 0.0029425527900457382
409 0.0015895733376964927
410 0.0024044604506343603
411 0.003644852666184306
412 0.0027308063581585884
413 0.003315526759251952
414 0.0019788991194218397
415 0.003357548266649246
416 0.002063213614746928
417 0.00258717336691916
418 0.0027488626074045897
419 0.0019408497028052807
420 0.002956270007416606
421 0.002365638967603445
422 0.0028264326974749565
423 0.0035940895322710276
424 0.002727505983784795
425 0.0033032589126378298
426 0.0029269566293805838
427 0.003031139960512519
428 0.0020812007132917643
429 0.0014308817917481065
430 0.003315442241728306
431 0.0017551096389070153
432 0.0028150463476777077
433 0.0013000596081838012
434 0.00227586948312819
435 0.0024382343981415033
436 0.00211230362765491
437 0.0028412307146936655
438 0.0027005337178707123
439 0.001398034393787384
440 0.003363281488418579
441 0.0022588614374399185
442 0.002506655640900135
443 0.002657635835930705
444 0.0020146232564002275
445 0.001954552950337529
446 0.0024818419478833675
447 0.0025751041248440742
448 0.002790931612253189
449 0.002924863249063492
450 0.0024984630290418863
451 0.002776785520836711
452 0.0024759082589298487
453 0.003011697204783559
454 0.002405308885499835
455 0.001914272434078157
456 0.003606147365644574
457 0.0019383049802854657
458 0.0031413582619279623
459 0.003556903451681137
460 0.002224724506959319
461 0.00326157477684319
462 0.0023526244331151247
463 0.0020658138673752546
464 0.0033127006608992815
465 0.0031453119590878487
466 0.003022716613486409
467 0.0035955447237938643
468 0.002780892187729478
469 0.004809562116861343
470 0.0031346268951892853
471 0.0034545045346021652
472 0.0032595153898000717
473 0.0034416578710079193
474 0.0038539713714271784
475 0.004641813691705465
476 0.003519283840432763
477 0.004036277998238802
478 0.0025981462094932795
479 0.0023139379918575287
480 0.0025389953516423702
481 0.0036324935499578714
482 0.002649896079674363
483 0.0039754691533744335
484 0.0018149124225601554
485 0.0028808892238885164
486 0.0024607861414551735
487 0.004202467855066061
488 0.0025896846782416105
489 0.0023556395899504423
490 0.003269151085987687
491 0.001537321601063013
492 0.0028592050075531006
493 0.0023817962501198053
494 0.00228685955516994
495 0.004780881106853485
496 0.002062189159914851
497 0.0019202730618417263
498 0.00451477849856019
499 0.003942308947443962
500 0.004978305194526911
501 0.0042814514599740505
502 0.0032222901936620474
503 0.0016569806030020118
504 0.002418165560811758
505 0.00350789912045002
506 0.002859023166820407
507 0.002307106740772724
508 0.004836004693061113
509 0.003865376813337207
510 0.0024162332993000746
511 0.002053237287327647
512 0.006010542158037424
513 0.002574895741418004
514 0.004167523700743914
515 0.0026695902924984694
516 0.002162894234061241
517 0.0027017209213227034
518 0.003436116501688957
519 0.0024064641911536455
520 0.003480147337540984
521 0.0019160403171554208
522 0.002444221405312419
523 0.003232307033613324
524 0.002269156975671649
525 0.0034412441309541464
526 0.0025266818702220917
527 0.0020174828823655844
528 0.003949812613427639
529 0.002763332799077034
530 0.0024338613729923964
531 0.0025752857327461243
532 0.0022513449657708406
533 0.0028158854693174362
534 0.0024396078661084175
535 0.003120455192402005
536 0.00475413678213954
537 0.0031771070789545774
538 0.002514501567929983
539 0.0030302966479212046
540 0.003574790433049202
541 0.0030524663161486387
542 0.0062608239240944386
543 0.005651542916893959
544 0.002985762432217598
545 0.0032662281300872564
546 0.0069604781456291676
547 0.002481324365362525
548 0.003153492696583271
549 0.004761592950671911
550 0.002255441388115287
551 0.0021392374765127897
552 0.0054056947119534016
553 0.005466204136610031
554 0.0016248933970928192
555 0.0028656271751970053
556 0.004214874003082514
557 0.0029708135407418013
558 0.003134224796667695
559 0.004189032129943371
560 0.001805227599106729
561 0.0019071372225880623
562 0.0029851195868104696
563 0.002253656042739749
564 0.0030832672491669655
565 0.002222685841843486
566 0.0021291631273925304
567 0.002296207472681999
568 0.0026383025106042624
569 0.002132347784936428
570 0.0020868328865617514
571 0.002230239100754261
572 0.0018773485207930207
573 0.0021961394231766462
574 0.0033879736438393593
575 0.0020268477965146303
576 0.0019666675943881273
577 0.0018030087230727077
578 0.0021204338409006596
579 0.0024787685833871365
580 0.0022673767525702715
581 0.002453805645927787
582 0.0020653612446039915
583 0.0018832067726179957
584 0.0022005087230354548
585 0.0033386433497071266
586 0.0018416267121210694
587 0.0025557270273566246
588 0.0023849697317928076
589 0.0016565757105126977
590 0.0019321379950270057
591 0.0027906913310289383
592 0.0031129885464906693
593 0.0017315890872851014
594 0.002544015645980835
595 0.0017862719250842929
596 0.002182337688282132
597 0.0027965677436441183
598 0.0022547696717083454
599 0.002140613039955497
600 0.003185543231666088
601 0.0026382922660559416
602 0.0034146178513765335
603 0.001672523096203804
604 0.0023859678767621517
605 0.0025537190958857536
606 0.002573326462879777
607 0.002062262734398246
608 0.001966677838936448
609 0.0012645424576476216
610 0.001926894299685955
611 0.0024517488200217485
612 0.002216528169810772
613 0.0023703540209680796
614 0.0032867491245269775
615 0.002707424573600292
616 0.00175517238676548
617 0.002362980507314205
618 0.002758132992312312
619 0.002043419750407338
620 0.002693312941119075
621 0.0025222257245332003
622 0.003019719384610653
623 0.0014947833260521293
624 0.0031685729045420885
625 0.002934888005256653
626 0.002286622766405344
627 0.001858827075920999
628 0.0014574852539226413
629 0.00254263449460268
630 0.0025178215000778437
631 0.002242428483441472
632 0.0018302829703316092
633 0.002808787627145648
634 0.0017479583621025085
635 0.002150614047423005
636 0.0011192378588020802
637 0.0015086537459865212
638 0.0022505882661789656
639 0.0021094607654958963
640 0.0022998780477792025
641 0.0031492470297962427
642 0.0033954440150409937
643 0.0018847845494747162
644 0.002928405301645398
645 0.001711930613964796
646 0.0019793149549514055
647 0.0025514301378279924
648 0.0021976844873279333
649 0.0023020326625555754
650 0.0024365843273699284
651 0.002920848084613681
652 0.002061193808913231
653 0.0017456033965572715
654 0.0014295525616034865
655 0.0022661832626909018
656 0.0018908120691776276
657 0.0022128045093268156
658 0.0019989958964288235
659 0.0022365583572536707
660 0.002484734868630767
661 0.0015727250138297677
662 0.0028214501217007637
663 0.0029230720829218626
664 0.0026695821434259415
665 0.0012342106783762574
666 0.002052724827080965
667 0.0017040608217939734
668 0.0030971227679401636
669 0.002463478595018387
670 0.0022294782102108
671 0.0033116184640675783
672 0.0025125399697571993
673 0.0015627974644303322
674 0.0013892417773604393
675 0.0014992068754509091
676 0.0018068692879751325
677 0.0019036609446629882
678 0.002271997043862939
679 0.0026431556325405836
680 0.0014769359258934855
681 0.0025919585023075342
682 0.0020552000496536493
683 0.0016706850146874785
684 0.0013943278463557363
685 0.0026268966030329466
686 0.001948381308466196
687 0.0012284022523090243
688 0.0014533119974657893
689 0.0018898043781518936
690 0.0013949506683275104
691 0.0016938360640779138
692 0.0015045884065330029
693 0.0022796764969825745
694 0.001994013786315918
695 0.002607041737064719
696 0.002786649391055107
697 0.002269326476380229
698 0.0023192681837826967
699 0.0024519243743270636
700 0.0034209098666906357
701 0.001388831646181643
702 0.0036488689947873354
703 0.0016346931224688888
704 0.0019253870705142617
705 0.0023106567095965147
706 0.0019602517131716013
707 0.0046847304329276085
708 0.002612147480249405
709 0.0032422130461782217
710 0.0019356858683750033
711 0.00233362871222198
712 0.003662592964246869
713 0.001928742858581245
714 0.0020360045600682497
715 0.0015995678259059787
716 0.0019671686459332705
717 0.0017441072268411517
718 0.003872716799378395
719 0.0027138988953083754
720 0.002971155568957329
721 0.002672716975212097
722 0.001621521427296102
723 0.0033268698025494814
724 0.00254602893255651
725 0.0017551836790516973
726 0.001984995324164629
727 0.0029988151509314775
728 0.00391261326149106
729 0.0016277163522318006
730 0.0032745276112109423
731 0.004610698204487562
732 0.0016107173869386315
733 0.0025667394511401653
734 0.003057488240301609
735 0.002965449122712016
736 0.0036533803213387728
737 0.0015973799163475633
738 0.0020400143694132566
739 0.0020403482485562563
740 0.002492145635187626
741 0.0021774370688945055
742 0.0014241911703720689
743 0.0016300190472975373
744 0.001613330445252359
745 0.0015799668617546558
746 0.0013952016597613692
747 0.0014581428840756416
748 0.0018528924556449056
749 0.002109854482114315
750 0.0015567535301670432
751 0.0018659337656572461
752 0.0016412289114668965
753 0.0014914543135091662
754 0.0014715399593114853
755 0.001831735484302044
756 0.002436344977468252
757 0.0012935226550325751
758 0.001773334457539022
759 0.0010277634719386697
760 0.001803062274120748
761 0.0016136927297338843
762 0.002386664506047964
763 0.0013442978961393237
764 0.0017325812950730324
765 0.0015018823323771358
766 0.0016128249699249864
767 0.0013271840289235115
768 0.0008188134524971247
769 0.0019497111206874251
770 0.0015702610835433006
771 0.0013206074945628643
772 0.0014892435865476727
773 0.0016147749265655875
774 0.0012959963642060757
775 0.0014896044740453362
776 0.001453148084692657
777 0.0011646453058347106
778 0.0013250774936750531
779 0.0014504928840324283
780 0.0009199733030982316
781 0.0013269177870824933
782 0.001058501424267888
783 0.001145709422416985
784 0.0013119797222316265
785 0.0015515615232288837
786 0.0014941678382456303
787 0.001306688878685236
788 0.0020081389229744673
789 0.0017025781562551856
790 0.0020152649376541376
791 0.0016172328032553196
792 0.0018856069073081017
793 0.0013717729598283768
794 0.0020914189517498016
795 0.0014966471353545785
796 0.0013055250747129321
797 0.001039456925354898
798 0.0014743184437975287
799 0.0020987470634281635
800 0.0018411566270515323
801 0.0016349736833944917
802 0.0013822653563693166
803 0.002143016317859292
804 0.0048605226911604404
805 0.0012686870759353042
806 0.002859649248421192
807 0.0026568316388875246
808 0.0015984582714736462
809 0.001153952325694263
810 0.0018948375945910811
811 0.001325098448432982
812 0.002021522494032979
813 0.002069374779239297
814 0.0011899418896064162
815 0.0018892871448770165
816 0.0020961472764611244
817 0.001753370277583599
818 0.001960023073479533
819 0.0017935732612386346
820 0.0026795200537890196
821 0.002302182139828801
822 0.0012310954043641686
823 0.0018003425793722272
824 0.00273036677390337
825 0.0019339597783982754
826 0.0015443573938682675
827 0.00337221659719944
828 0.0017852034652605653
829 0.0015293353935703635
830 0.0015047263586893678
831 0.0017383353551849723
832 0.002704111160710454
833 0.001658688299357891
834 0.0013388594379648566
835 0.00174304423853755
836 0.002213892759755254
837 0.0015029199421405792
838 0.0011249181115999818
839 0.0013608490116894245
840 0.0016077272593975067
841 0.0013768483186140656
842 0.001820957288146019
843 0.0018186750821769238
844 0.002115006325766444
845 0.0010526134865358472
846 0.0009966520592570305
847 0.0016461968189105392
848 0.001488000270910561
849 0.001359902904368937
850 0.0008797861519269645
851 0.001041653216816485
852 0.0012210113927721977
853 0.0013165377313271165
854 0.000826414383482188
855 0.0010494353482499719
856 0.0012417937396094203
857 0.0011638865107670426
858 0.0014919232344254851
859 0.001166219706647098
860 0.0012629079865291715
861 0.0009223807137459517
862 0.001079960842616856
863 0.001330990926362574
864 0.0012389536714181304
865 0.0011791879078373313
866 0.0011269148671999574
867 0.0020331230480223894
868 0.0013319902354851365
869 0.0020482332911342382
870 0.0016397988656535745
871 0.0015885730972513556
872 0.002541871974244714
873 0.0021237810142338276
874 0.002322346903383732
875 0.002486731158569455
876 0.0015457430854439735
877 0.0015189950354397297
878 0.0015696006594225764
879 0.002602660097181797
880 0.0017028860747814178
881 0.0018727987771853805
882 0.002252046251669526
883 0.0017259269952774048
884 0.0014470592141151428
885 0.001870117150247097
886 0.0011137273395434022
887 0.0013225848088040948
888 0.001213797484524548
889 0.001299121999181807
890 0.0012162458151578903
891 0.001358324778266251
892 0.0010599397355690598
893 0.0011061261175200343
894 0.0016021126648411155
895 0.0017348945839330554
896 0.001081677619367838
897 0.0015355926007032394
898 0.0016421377658843994
899 0.001022516400553286
900 0.0008760220371186733
901 0.001986465649679303
902 0.001578022143803537
903 0.001438810140825808
904 0.0011619040742516518
905 0.0010634629288688302
906 0.0014883115654811263
907 0.0012003622250631452
908 0.0022194671910256147
909 0.0017770170234143734
910 0.0012476963456720114
911 0.0012356288498267531
912 0.0010580775560811162
913 0.0007876085001043975
914 0.0012608047109097242
915 0.0018481105798855424
916 0.0011709159007295966
917 0.0011502517154440284
918 0.0015857330290600657
919 0.0008009755983948708
920 0.0008651837706565857
921 0.0015751313185319304
922 0.0010454825824126601
923 0.0016940691275522113
924 0.0018777074292302132
925 0.0012638955377042294
926 0.0014006014680489898
927 0.001162139349617064
928 0.0010717239929363132
929 0.0010400316677987576
930 0.0011728114914149046
931 0.0011365247191861272
932 0.0012872846564278007
933 0.0009158081375062466
934 0.0015150211984291673
935 0.0010943053057417274
936 0.0011785209644585848
937 0.002386248903349042
938 0.0010936931939795613
939 0.0014734339201822877
940 0.0011854298645630479
941 0.0009456083062104881
942 0.0015600043116137385
943 0.002057888777926564
944 0.0008792395819909871
945 0.0014388123527169228
946 0.0014175918186083436
947 0.0014863143442198634
948 0.0011791158467531204
949 0.001243269769474864
950 0.000921111146453768
951 0.0008985094609670341
952 0.002220477443188429
953 0.0015842476859688759
954 0.0012540096649900079
955 0.000920936930924654
956 0.0009328438900411129
957 0.001174558186903596
958 0.0013097827322781086
959 0.0009850534843280911
960 0.00068212318001315
961 0.0014248847728595138
962 0.0010159977246075869
963 0.0011513493955135345
964 0.001241605612449348
965 0.0012917023850604892
966 0.001736353267915547
967 0.0018091816455125809
968 0.001310332678258419
969 0.0012044287286698818
970 0.001087360200472176
971 0.001045707962475717
972 0.0015442661242559552
973 0.0011264615459367633
974 0.0006423647282645106
975 0.0012886858312413096
976 0.0014921780675649643
977 0.0010942498920485377
978 0.0009123203926719725
979 0.0012022581649944186
980 0.00103938567917794
981 0.0010394877754151821
982 0.0012228608829900622
983 0.0010067728580906987
984 0.001294260728172958
985 0.0010889305267482996
986 0.0014936508378013968
987 0.0022687341552227736
988 0.001572411390952766
989 0.0023661975283175707
990 0.0011323149083182216
991 0.001511459588073194
992 0.0007834046264179051
993 0.0012859361013397574
994 0.0013472238788381219
995 0.002452266402542591
996 0.0007911802385933697
997 0.0013850302202627063
998 0.0011633032700046897
999 0.0011801248183473945
1000 0.0021569218952208757
1001 0.001955586252734065
1002 0.0014274645363911986
1003 0.0015106688952073455
1004 0.0015380443073809147
1005 0.0016285429010167718
1006 0.002186241326853633
1007 0.0012186531675979495
1008 0.002765195444226265
1009 0.0020318322349339724
1010 0.0011481778929010034
1011 0.001333157648332417
1012 0.0014187558554112911
1013 0.0018162202322855592
1014 0.001681690220721066
1015 0.0014681583270430565
1016 0.0020052592735737562
1017 0.0016482350183650851
1018 0.00109550089109689
1019 0.0014739111065864563
1020 0.0011036079376935959
1021 0.0017593851080164313
1022 0.0014439913211390376
1023 0.0012724297121167183
1024 0.0009260591468773782
1025 0.0010373002151027322
1026 0.0015694587491452694
1027 0.001206231419928372
1028 0.0018791980110108852
1029 0.002879170700907707
1030 0.0009407734614796937
1031 0.0014968110481277108
1032 0.004346124362200499
1033 0.0014678762527182698
1034 0.00165083771571517
1035 0.002574492245912552
1036 0.000916513439733535
1037 0.0010626077419146895
1038 0.0018866866594180465
1039 0.0017142744036391377
1040 0.0013844757340848446
1041 0.0020873320754617453
1042 0.0013218644307926297
1043 0.0015006872126832604
1044 0.000730178551748395
1045 0.0010457675671204925
1046 0.0010060745989903808
1047 0.0014815987087786198
1048 0.0010561469243839383
1049 0.0020923351403325796
1050 0.0022144336253404617
1051 0.0024727548006922007
1052 0.002613323973491788
1053 0.0034036131110042334
1054 0.003356095403432846
1055 0.002488017315044999
1056 0.0017732641426846385
1057 0.0019742760341614485
1058 0.0013238632818683982
1059 0.0025248120073229074
1060 0.0021961843594908714
1061 0.0021535821724683046
1062 0.0015838324325159192
1063 0.0019222931005060673
1064 0.0016241604462265968
1065 0.0012392661301419139
1066 0.001449576229788363
1067 0.0011191044468432665
1068 0.0016597792273387313
1069 0.0010394839337095618
1070 0.001680120942182839
1071 0.0016912370920181274
1072 0.0023055642377585173
1073 0.0010070233838632703
1074 0.0009052733075805008
1075 0.0017149880295619369
1076 0.001077464665286243
1077 0.0019869422540068626
1078 0.0015569459646940231
1079 0.0013451325939968228
1080 0.0014312402345240116
1081 0.001448203925974667
1082 0.0010257137473672628
1083 0.0018234052695333958
1084 0.0013104374520480633
1085 0.0011424965923652053
1086 0.0016035718144848943
1087 0.0009644738747738302
1088 0.0008503751014359295
1089 0.0015263099921867251
1090 0.0010805667843669653
1091 0.0017170835053548217
1092 0.0015228985575959086
1093 0.0015913322567939758
1094 0.0008970554335974157
1095 0.0017196027329191566
1096 0.001066882978193462
1097 0.0016169663285836577
1098 0.0012062788009643555
1099 0.0012816358357667923
1100 0.0014395677717402577
1101 0.0011793491430580616
1102 0.0010844628559425473
1103 0.0011075726943090558
1104 0.001605592085979879
1105 0.0020825439132750034
1106 0.0013681137934327126
1107 0.0019362657330930233
1108 0.00233454629778862
1109 0.001225159619934857
1110 0.0019040858605876565
1111 0.0014620720176026225
1112 0.0011365796672180295
1113 0.001461294130422175
1114 0.0014362159417942166
1115 0.0012944729533046484
1116 0.0015409658662974834
1117 0.002476149471476674
1118 0.0015600210754200816
1119 0.00200261571444571
1120 0.0017782164504751563
1121 0.0012195842573419213
1122 0.0012270001461729407
1123 0.0018553732661530375
1124 0.0015605933731421828
1125 0.00115290901158005
1126 0.0013064051745459437
1127 0.0030505366157740355
1128 0.0010251960484310985
1129 0.0018740748055279255
1130 0.0013762085000053048
1131 0.0013089132262393832
1132 0.0015762195689603686
1133 0.0010499806376174092
1134 0.0010413768468424678
1135 0.0012164149666205049
1136 0.0013813747791573405
1137 0.0011596163967624307
1138 0.001282924902625382
1139 0.0009780878899618983
1140 0.0008590705110691488
1141 0.0010240219999104738
1142 0.001045295619405806
1143 0.0013449862599372864
1144 0.001073162886314094
1145 0.00092786067398265
1146 0.0010686245514079928
1147 0.0009335697977803648
1148 0.0021447103936225176
1149 0.0009219495113939047
1150 0.0010399118764325976
1151 0.0013707666657865047
1152 0.0012031291844323277
1153 0.0010046825045719743
1154 0.001129563432186842
1155 0.00102235097438097
1156 0.0012120798928663135
1157 0.0012246491387486458
1158 0.00092497089644894
1159 0.0012996444711461663
1160 0.0011613991810008883
1161 0.0014212991809472442
1162 0.001033071312122047
1163 0.0011367908446118236
1164 0.0008657452999614179
1165 0.001626425888389349
1166 0.0017674508271738887
1167 0.0020092919003218412
1168 0.0011238731676712632
1169 0.0013751732185482979
1170 0.0014250146923586726
1171 0.001170083531178534
1172 0.00171672273427248
1173 0.0011944574071094394
1174 0.0011510391486808658
1175 0.0012088203802704811
1176 0.0013951914152130485
1177 0.0014392668381333351
1178 0.001001344877295196
1179 0.0016140892403200269
1180 0.0010341961169615388
1181 0.0010846368968486786
1182 0.0011710452381521463
1183 0.0014614411629736423
1184 0.0008902971167117357
1185 0.000914157775696367
1186 0.0016110638389363885
1187 0.0011983936419710517
1188 0.0014450452290475368
1189 0.0012392961652949452
1190 0.0012138379970565438
1191 0.0011756294406950474
1192 0.0010914773447439075
1193 0.0007310372311621904
1194 0.001271640881896019
1195 0.0013125016121193767
1196 0.0008761922363191843
1197 0.001143334317021072
1198 0.001127447932958603
1199 0.0010543285170570016
1200 0.0010071443393826485
1201 0.0014131158823147416
1202 0.0012824111618101597
1203 0.0013439144240692258
1204 0.0015278654173016548
1205 0.000974631926510483
1206 0.0012770412722602487
1207 0.0012701873201876879
1208 0.001573996152728796
1209 0.0012502159224823117
1210 0.0009962181793525815
1211 0.0012751884059980512
1212 0.0013853330165147781
1213 0.0011419035727158189
1214 0.0008947274181991816
1215 0.0010665776208043098
1216 0.001368101336993277
1217 0.002127364045009017
1218 0.0008367497357539833
1219 0.001133027020841837
1220 0.0011438783258199692
1221 0.0010178000666201115
1222 0.0013218434760347009
1223 0.0012151155387982726
1224 0.0013742760056629777
1225 0.0010594242485240102
1226 0.0011321634519845247
1227 0.0009321629186160862
1228 0.0015422779833897948
1229 0.0012930122902616858
1230 0.0017524840077385306
1231 0.001171714160591364
1232 0.0015456784749403596
1233 0.0014168774941936135
1234 0.0012618157779797912
1235 0.002267879666760564
1236 0.0012215586612001061
1237 0.001486978493630886
1238 0.0008070308831520379
1239 0.0010589307639747858
1240 0.001302432850934565
1241 0.0011632753303274512
1242 0.0013832588447257876
1243 0.0012626699171960354
1244 0.0010001620976254344
1245 0.0007865811348892748
1246 0.0009547918452881277
1247 0.0008383113308809698
1248 0.0008132566581480205
1249 0.0008682103361934423
1250 0.0009771065087988973
1251 0.0013835179852321744
1252 0.0008773694862611592
1253 0.0012285412522032857
1254 0.001780955120921135
1255 0.0008732058922760189
1256 0.0011641454184427857
1257 0.0018657442415133119
1258 0.000947929744143039
1259 0.0012914707185700536
1260 0.0013202996924519539
1261 0.00044005215750075877
1262 0.001345382072031498
1263 0.0023323458153754473
1264 0.0012223164085298777
1265 0.001309167011640966
1266 0.0008363756351172924
1267 0.0009329498279839754
1268 0.001275259768590331
1269 0.001300930161960423
1270 0.0011427708668634295
1271 0.0009899750584736466
1272 0.0011417014757171273
1273 0.0008649216615594923
1274 0.0011780679924413562
1275 0.0011694482527673244
1276 0.0010449918918311596
1277 0.001437287894077599
1278 0.0009602401405572891
1279 0.0011441735550761223
1280 0.0011045840801671147
1281 0.0009622848010621965
1282 0.0013443067437037826
1283 0.001026445534080267
1284 0.0007976116612553596
1285 0.0012746276333928108
1286 0.0012160843471065164
1287 0.0009319386444985867
1288 0.0016151005402207375
1289 0.0012339837849140167
1290 0.0015283391112461686
1291 0.0014839330688118935
1292 0.0015735956840217113
1293 0.0009607616811990738
1294 0.001053435611538589
1295 0.0007652055355720222
1296 0.0009950620587915182
1297 0.0011403938988223672
1298 0.0010246896417811513
1299 0.0012970302486792207
1300 0.0011182489106431603
1301 0.0011501037515699863
1302 0.0010701187420636415
1303 0.000722475815564394
1304 0.0018954748520627618
1305 0.001204663305543363
1306 0.0010221988195553422
1307 0.0007020786870270967
1308 0.0017339804908260703
1309 0.0010016398737207055
1310 0.0014238487929105759
1311 0.0010471383575350046
1312 0.000864473928231746
1313 0.0009100187453441322
1314 0.0008666487410664558
1315 0.0010385001078248024
1316 0.0009433026425540447
1317 0.001134992460720241
1318 0.0009484332404099405
1319 0.0011392781743779778
1320 0.0010342077584937215
1321 0.0009534764103591442
1322 0.0010652552591636777
1323 0.0011526390444487333
1324 0.0010948518756777048
1325 0.0012377611128613353
1326 0.0013970928266644478
1327 0.0007664955337531865
1328 0.0014127626782283187
1329 0.0009732015896588564
1330 0.000850649259518832
1331 0.0012682104716077447
1332 0.001723168301396072
1333 0.0022215594071894884
1334 0.0009128718520514667
1335 0.0020718539599329233
1336 0.0028980784118175507
1337 0.001798316021449864
1338 0.001029448234476149
1339 0.0028208422008901834
1340 0.0018025949830189347
1341 0.0015668341657146811
1342 0.001180590596050024
1343 0.003346163546666503
1344 0.001744477660395205
1345 0.002219807356595993
1346 0.001931450329720974
1347 0.002359997248277068
1348 0.0018510656664147973
1349 0.0014471220783889294
1350 0.003779033198952675
1351 0.0022797526326030493
1352 0.001782126142643392
1353 0.0011168423807248473
1354 0.001847455627284944
1355 0.0014887279830873013
1356 0.0013612089678645134
1357 0.0013582692481577396
1358 0.001972542144358158
1359 0.0022118405904620886
1360 0.00194134924095124
1361 0.0024760887026786804
1362 0.00206584669649601
1363 0.001132989302277565
1364 0.001313601154834032
1365 0.001452949014492333
1366 0.0014349855482578278
1367 0.0014864344848319888
1368 0.001076695742085576
1369 0.0011704983189702034
1370 0.0013217587256804109
1371 0.0007848422392271459
1372 0.0011115610832348466
1373 0.0008330212440341711
1374 0.0014318827306851745
1375 0.0011076697846874595
1376 0.0016570667503401637
1377 0.0015707890270277858
1378 0.0015340670943260193
1379 0.0011064711725339293
1380 0.0009017474949359894
1381 0.0009879479184746742
1382 0.0013263804139569402
1383 0.0009400607086718082
1384 0.0012182017089799047
1385 0.00160972832236439
1386 0.001977407606318593
1387 0.0017609543865546584
1388 0.0012850798666477203
1389 0.0018194117583334446
1390 0.0020246203057467937
1391 0.0012151272967457771
1392 0.0010636338265612721
1393 0.0009292226168327034
1394 0.0012597065651789308
1395 0.0014606310287490487
1396 0.0012796638766303658
1397 0.0029357243329286575
1398 0.0010089420247823
1399 0.0019971970468759537
1400 0.002725687576457858
1401 0.0019268897594884038
1402 0.0019099334022030234
1403 0.0029887554701417685
1404 0.003958911169320345
1405 0.0020254577975720167
1406 0.0014727235538884997
1407 0.0012978360755369067
1408 0.0014175021788105369
1409 0.0016776263946667314
1410 0.0013216970255598426
1411 0.001127393450587988
1412 0.0016772461822256446
1413 0.0012114502023905516
1414 0.0018810192123055458
1415 0.0019042730564251542
1416 0.001392534002661705
1417 0.0012262676609680057
1418 0.0009671573061496019
1419 0.0010536625050008297
1420 0.001097533735446632
1421 0.00113012979272753
1422 0.0013183209812268615
1423 0.0009457446285523474
1424 0.0012415633536875248
1425 0.0010352424578741193
1426 0.0009468751959502697
1427 0.0011623322498053312
1428 0.001355549436993897
1429 0.0011909137247130275
1430 0.0010138925863429904
1431 0.0012686378322541714
1432 0.0015101159224286675
1433 0.000918648496735841
1434 0.000786284392233938
1435 0.0013645099243149161
1436 0.000932526309043169
1437 0.001695965533144772
1438 0.002221729140728712
1439 0.001529967412352562
1440 0.0014533676439896226
1441 0.0009485000628046691
1442 0.0010210458422079682
1443 0.0012494624825194478
1444 0.0013291648356243968
1445 0.0010988380527123809
1446 0.0016392022371292114
1447 0.0012709161965176463
1448 0.0015723916003480554
1449 0.0008453105110675097
1450 0.0010982060339301825
1451 0.0010581851238384843
1452 0.0006968866218812764
1453 0.001413297955878079
1454 0.0014273315900936723
1455 0.001789140049368143
1456 0.0014473869232460856
1457 0.001516053918749094
1458 0.000981996301561594
1459 0.0008041654364205897
1460 0.001490180380642414
1461 0.0012188847176730633
1462 0.001299937255680561
1463 0.0013292512157931924
1464 0.0010082620428875089
1465 0.0009411000064574182
1466 0.0012905049370601773
1467 0.0010275640524923801
1468 0.0009589969995431602
1469 0.0013751875376328826
1470 0.0010845080250874162
1471 0.0008666355279274285
1472 0.001086969394236803
1473 0.0012675536563619971
1474 0.0013187938602641225
1475 0.0009210933931171894
1476 0.0010076574981212616
1477 0.000709502084646374
1478 0.0015880096470937133
1479 0.001218624645844102
1480 0.0018582363845780492
1481 0.0010779723525047302
1482 0.0012565880315378308
1483 0.0012633820297196507
1484 0.001476998906582594
1485 0.001119388034567237
1486 0.0015604939544573426
1487 0.0009083574987016618
1488 0.001161041553132236
1489 0.001598378294147551
1490 0.0009943553013727069
1491 0.0009602492209523916
1492 0.0010083358502015471
1493 0.001265917788259685
1494 0.0008598162676207721
1495 0.0012492015957832336
1496 0.0013451076811179519
1497 0.0010530087165534496
1498 0.0009205202222801745
1499 0.001607520622201264
1500 0.0015425571473315358
1501 0.0009045659680850804
1502 0.0010415156139060855
1503 0.001346989651210606
1504 0.0008875780622474849
1505 0.001132112112827599
1506 0.0017871292075142264
1507 0.0010306000476703048
1508 0.0009832000359892845
1509 0.0010919320629909635
1510 0.0008737808093428612
1511 0.0009001436992548406
1512 0.0012688779970631003
1513 0.0015533581608906388
1514 0.001278420677408576
1515 0.0016902663046494126
1516 0.001349325175397098
1517 0.0019160642987117171
1518 0.001394788851030171
1519 0.0008558582048863173
1520 0.0013621584512293339
1521 0.0029283370822668076
1522 0.0014312701532617211
1523 0.0009007069165818393
1524 0.0016737623373046517
1525 0.0011192270321771502
1526 0.001129251322709024
1527 0.0014460906386375427
1528 0.001291876775212586
1529 0.001064989948645234
1530 0.0013444413198158145
1531 0.0016536045586690307
1532 0.001355001819320023
1533 0.0012569049140438437
1534 0.0014306161319836974
1535 0.0026873499155044556
1536 0.0012634180020540953
1537 0.0010657439706847072
1538 0.0021434526424854994
1539 0.0013955840840935707
1540 0.0006142816855572164
1541 0.001450954470783472
1542 0.002039297018200159
1543 0.001177543425001204
1544 0.0009060470038093626
1545 0.0012725837295874953
1546 0.0017231354722753167
1547 0.0017512984341010451
1548 0.0009548142552375793
1549 0.0013719741255044937
1550 0.0012770406901836395
1551 0.0012528534280136228
1552 0.0012150401016697288
1553 0.0006432493682950735
1554 0.001692134072072804
1555 0.000785152951721102
1556 0.0013055052841082215
1557 0.0010229202453047037
1558 0.0016012851847335696
1559 0.0010661212727427483
1560 0.001234835828654468
1561 0.0006703545805066824
1562 0.0010442016646265984
1563 0.0013920231722295284
1564 0.0012253150343894958
1565 0.0012095143320038915
1566 0.0007426682277582586
1567 0.0010526383994147182
1568 0.001172758056782186
1569 0.000976172334048897
1570 0.0011520080734044313
1571 0.0009886367479339242
1572 0.0010194048518314958
1573 0.0009117276058532298
1574 0.001501712016761303
1575 0.0008835580083541572
1576 0.000988758634775877
1577 0.0015154873253777623
1578 0.0012802587589249015
1579 0.0015377301024273038
1580 0.002345634624361992
1581 0.0008143603918142617
1582 0.001004718360491097
1583 0.0008487318991683424
1584 0.0009263516403734684
1585 0.0010280613787472248
1586 0.0008031445904634893
1587 0.0013305899919942021
1588 0.0009717906941659749
1589 0.001400961889885366
1590 0.0009742702241055667
1591 0.0008741700439713895
1592 0.0013259282568469644
1593 0.0013216770021244884
1594 0.00153270922601223
1595 0.0010286882752552629
1596 0.0008268111851066351
1597 0.0018011388601735234
1598 0.0012040013680234551
1599 0.0012865582248196006
1600 0.0009653130546212196
1601 0.0008582219597883523
1602 0.0010216302471235394
1603 0.0009037416311912239
1604 0.0011157889384776354
1605 0.0018266035476699471
1606 0.0018109263619408011
1607 0.001167621579952538
1608 0.0008905790746212006
1609 0.0017200229922309518
1610 0.003268166445195675
1611 0.0008179568685591221
1612 0.0009287251741625369
1613 0.0021434423979371786
1614 0.002052391180768609
1615 0.0007414128049276769
1616 0.001358077977783978
1617 0.0014455666532739997
1618 0.0008411480230279267
1619 0.0011834964388981462
1620 0.0012271632440388203
1621 0.0010212213965132833
1622 0.0017777825705707073
1623 0.001184512977488339
1624 0.0012195896124467254
1625 0.0018345937132835388
1626 0.0017995676025748253
1627 0.001235136529430747
1628 0.0010843494674190879
1629 0.0012203363003209233
1630 0.0014159708516672254
1631 0.0013266544556245208
1632 0.0008750976994633675
1633 0.0012886504409834743
1634 0.0016974013997241855
1635 0.0011891413014382124
1636 0.000952481699641794
1637 0.0014349384000524879
1638 0.001244771177880466
1639 0.0010717808036133647
1640 0.0009751380421221256
1641 0.0011346222599968314
1642 0.0010231704218313098
1643 0.0011084357975050807
1644 0.0009816898964345455
1645 0.0005790218128822744
1646 0.0011659603333100677
1647 0.001058692461811006
1648 0.0009460105211474001
1649 0.0012909710640087724
1650 0.0013531767763197422
1651 0.0010505031095817685
1652 0.0013000589096918702
1653 0.0010939114727079868
1654 0.001592012937180698
1655 0.0007997375796549022
1656 0.0008765794336795807
1657 0.0010074045276269317
1658 0.001275017042644322
1659 0.0006868743221275508
1660 0.0010567433200776577
1661 0.001481222570873797
1662 0.0012080661254003644
1663 0.0014597483677789569
1664 0.0015341783873736858
1665 0.0011967116734012961
1666 0.0018087700009346008
1667 0.00229674787260592
1668 0.0011098826071247458
1669 0.0010416465811431408
1670 0.0021093685645610094
1671 0.0009851191425696015
1672 0.0009898381540551782
1673 0.0009768859017640352
1674 0.0019941008649766445
1675 0.0010245529701933265
1676 0.0008218103903345764
1677 0.0016488563269376755
1678 0.0011833339231088758
1679 0.0008627399220131338
1680 0.0009661198710091412
1681 0.0011525714071467519
1682 0.0009087502839975059
1683 0.0010008359095081687
1684 0.0015059346333146095
1685 0.001998058520257473
1686 0.0018932418897747993
1687 0.0022521333303302526
1688 0.001461254432797432
1689 0.002175989793613553
1690 0.0018330741440877318
1691 0.0018371533369645476
1692 0.001638850080780685
1693 0.0013330774381756783
1694 0.0008531304192729294
1695 0.0011526880552992225
1696 0.0017664741026237607
1697 0.0024340583477169275
1698 0.0009846774628385901
1699 0.0012480206787586212
1700 0.001726651913486421
1701 0.0012476873816922307
1702 0.0013848412781953812
1703 0.0014436380006372929
1704 0.0014891930622979999
1705 0.0009641747456043959
1706 0.0009351377375423908
1707 0.0012323717819526792
1708 0.001579170930199325
1709 0.0015103410696610808
1710 0.000990556669421494
1711 0.0017293872078880668
1712 0.0008730969275347888
1713 0.0009676457266323268
1714 0.0017431896412745118
1715 0.002764791948720813
1716 0.0011109734186902642
1717 0.0013292278163135052
1718 0.0016900143818929791
1719 0.0013723125448450446
1720 0.0009158370085060596
1721 0.0010085717076435685
1722 0.0010091614676639438
