0 0.9474512338638306
1 0.9142107963562012
2 0.8452442288398743
3 0.8485726118087769
4 0.6519948244094849
5 0.5253155827522278
6 0.5326943397521973
7 0.4617767333984375
8 0.3340563178062439
9 0.3470630645751953
10 0.4370685815811157
11 0.47622543573379517
12 0.26882219314575195
13 0.30547457933425903
14 0.4105231761932373
15 0.4256993532180786
16 0.3923780918121338
17 0.39565593004226685
18 0.33103811740875244
19 0.3382667899131775
20 0.3508685827255249
21 0.3156052827835083
22 0.3530782461166382
23 0.3297610282897949
24 0.3003997802734375
25 0.2517704963684082
26 0.2579021453857422
27 0.3379840850830078
28 0.2991344928741455
29 0.2837104797363281
30 0.24883663654327393
31 0.264367938041687
32 0.36246901750564575
33 0.24763089418411255
34 0.29701197147369385
35 0.21594560146331787
36 0.26976490020751953
37 0.2593615651130676
38 0.30837225914001465
39 0.24917727708816528
40 0.21260863542556763
41 0.27775800228118896
42 0.3106864094734192
43 0.14651572704315186
44 0.2512233257293701
45 0.2084532380104065
46 0.23411798477172852
47 0.20648515224456787
48 0.20409280061721802
49 0.2548425793647766
50 0.2026088833808899
51 0.1879655122756958
52 0.228590726852417
53 0.20137625932693481
54 0.15979772806167603
55 0.27005839347839355
56 0.14980250597000122
57 0.237354576587677
58 0.16774708032608032
59 0.16357529163360596
60 0.23234617710113525
61 0.19635355472564697
62 0.17500388622283936
63 0.15236949920654297
64 0.1690669059753418
65 0.18596994876861572
66 0.1884596347808838
67 0.1793663501739502
68 0.18988096714019775
69 0.18276691436767578
70 0.23841911554336548
71 0.19704276323318481
72 0.21203041076660156
73 0.16284018754959106
74 0.2086735963821411
75 0.16456472873687744
76 0.14933931827545166
77 0.1438930630683899
78 0.18816590309143066
79 0.24987494945526123
80 0.160936176776886
81 0.2088470458984375
82 0.1407819390296936
83 0.1959691047668457
84 0.12831461429595947
85 0.1352561116218567
86 0.2123093605041504
87 0.11057376861572266
88 0.19606971740722656
89 0.19843465089797974
90 0.1924419403076172
91 0.20892870426177979
92 0.13114416599273682
93 0.14645510911941528
94 0.12329751253128052
95 0.14738374948501587
96 0.16831350326538086
97 0.16096234321594238
98 0.2883158326148987
99 0.1506795883178711
100 0.1506134271621704
101 0.1823049783706665
102 0.1566314697265625
103 0.139911949634552
104 0.1662684679031372
105 0.15652304887771606
106 0.18608808517456055
107 0.22967076301574707
108 0.14344173669815063
109 0.17636758089065552
110 0.1581750512123108
111 0.12460309267044067
112 0.1912987232208252
113 0.1629253625869751
114 0.12908661365509033
115 0.21593832969665527
116 0.18029844760894775
117 0.17060023546218872
118 0.16742515563964844
119 0.1400679349899292
120 0.18903064727783203
121 0.11284756660461426
122 0.20135045051574707
123 0.139165997505188
124 0.24920475482940674
125 0.16175061464309692
126 0.17224198579788208
127 0.21035099029541016
128 0.14545565843582153
129 0.16860395669937134
130 0.1960155963897705
131 0.18419718742370605
132 0.14494335651397705
133 0.19707375764846802
134 0.16749441623687744
135 0.17680197954177856
136 0.15989619493484497
137 0.1661856770515442
138 0.22932207584381104
139 0.09905457496643066
140 0.17374378442764282
141 0.1289154291152954
142 0.14709055423736572
143 0.19236338138580322
144 0.14052581787109375
145 0.1881427764892578
146 0.12405377626419067
147 0.13661813735961914
148 0.13258802890777588
149 0.16559576988220215
150 0.12237703800201416
151 0.15117645263671875
152 0.11266165971755981
153 0.13079839944839478
154 0.10999011993408203
155 0.1725245714187622
156 0.10689008235931396
157 0.12557542324066162
158 0.19770467281341553
159 0.1452951431274414
160 0.15874987840652466
161 0.17496448755264282
162 0.15985727310180664
163 0.14732229709625244
164 0.17986327409744263
165 0.19358432292938232
166 0.1685541272163391
167 0.20104151964187622
168 0.159041166305542
169 0.1762283444404602
170 0.14518672227859497
171 0.16748952865600586
172 0.12624502182006836
173 0.21161377429962158
174 0.15204298496246338
175 0.11536771059036255
176 0.14168071746826172
177 0.1776045560836792
178 0.1638507843017578
179 0.14095640182495117
180 0.14109259843826294
181 0.15351951122283936
182 0.1495267152786255
183 0.10080671310424805
184 0.08958494663238525
185 0.15909016132354736
186 0.13010847568511963
187 0.17137455940246582
188 0.12334758043289185
189 0.1628485918045044
190 0.1695420742034912
191 0.18156254291534424
192 0.1890699863433838
193 0.16699105501174927
194 0.21845728158950806
195 0.1328136920928955
196 0.13144570589065552
197 0.16250383853912354
198 0.16261374950408936
199 0.0912320613861084
200 0.1570950746536255
201 0.11557352542877197
202 0.10564863681793213
203 0.16593438386917114
204 0.17382383346557617
205 0.13613033294677734
206 0.1695948839187622
207 0.1720271110534668
208 0.1658080816268921
209 0.1449759602546692
210 0.12471276521682739
211 0.21692544221878052
212 0.1282973289489746
213 0.1751023530960083
214 0.20780164003372192
215 0.14362585544586182
216 0.12280470132827759
217 0.13703525066375732
218 0.22250062227249146
219 0.16013860702514648
220 0.11915016174316406
221 0.15147042274475098
222 0.17735528945922852
223 0.11784011125564575
224 0.16633254289627075
225 0.16564083099365234
226 0.2169182300567627
227 0.12208729982376099
228 0.13356786966323853
229 0.1469125747680664
230 0.14352130889892578
231 0.17731940746307373
232 0.1613903045654297
233 0.14395475387573242
234 0.12016326189041138
235 0.15557587146759033
236 0.13343244791030884
237 0.09240251779556274
238 0.11308276653289795
239 0.12268435955047607
240 0.15520811080932617
241 0.11224651336669922
242 0.1439962387084961
243 0.14816957712173462
244 0.15149378776550293
245 0.12213647365570068
246 0.12099391222000122
247 0.17302972078323364
248 0.11378651857376099
249 0.18949508666992188
250 0.09836053848266602
251 0.1471293568611145
252 0.13237380981445312
253 0.15008509159088135
254 0.16343027353286743
255 0.1544790267944336
256 0.15906476974487305
257 0.11329203844070435
258 0.192066490650177
259 0.1675410270690918
260 0.12087500095367432
261 0.1552199125289917
262 0.1308167576789856
263 0.1709885597229004
264 0.12820768356323242
265 0.1592004895210266
266 0.1191110610961914
267 0.20426177978515625
268 0.10695868730545044
269 0.11747199296951294
270 0.14339780807495117
271 0.14672887325286865
272 0.17187118530273438
273 0.1052289605140686
274 0.13453364372253418
275 0.13566255569458008
276 0.12545597553253174
277 0.11634302139282227
278 0.12766551971435547
279 0.18072152137756348
280 0.223285973072052
281 0.13653665781021118
282 0.16321831941604614
283 0.1397579312324524
284 0.16947460174560547
285 0.14997410774230957
286 0.11822396516799927
287 0.1469707489013672
288 0.1364620327949524
289 0.1240471601486206
290 0.14042216539382935
291 0.11029863357543945
292 0.08434277772903442
293 0.14912056922912598
294 0.12397271394729614
295 0.13940787315368652
296 0.1361297369003296
297 0.11702394485473633
298 0.15223753452301025
299 0.1695745587348938
300 0.10068255662918091
301 0.13903701305389404
302 0.12320548295974731
303 0.1809762716293335
304 0.09440469741821289
305 0.14881354570388794
306 0.10305392742156982
307 0.17182141542434692
308 0.14075738191604614
309 0.1198614239692688
310 0.17868119478225708
311 0.15954124927520752
312 0.15735197067260742
313 0.15539252758026123
314 0.12372279167175293
315 0.13625383377075195
316 0.10531312227249146
317 0.11312210559844971
318 0.18445760011672974
319 0.17665797472000122
320 0.1560741662979126
321 0.1487022042274475
322 0.12541919946670532
323 0.09326344728469849
324 0.13796043395996094
325 0.16670256853103638
326 0.15253669023513794
327 0.1122666597366333
328 0.12763744592666626
329 0.1328926682472229
330 0.1616579294204712
331 0.17724251747131348
332 0.11286860704421997
333 0.15922772884368896
334 0.10532951354980469
335 0.12219762802124023
336 0.14805293083190918
337 0.12941598892211914
338 0.12787586450576782
339 0.14103490114212036
340 0.1922696828842163
341 0.14257794618606567
342 0.11747729778289795
343 0.13452398777008057
344 0.10582113265991211
345 0.11794263124465942
346 0.19161158800125122
347 0.10315734148025513
348 0.10705548524856567
349 0.14786577224731445
350 0.18755894899368286
351 0.22140580415725708
352 0.11677342653274536
353 0.1511322259902954
354 0.12483769655227661
355 0.16713166236877441
356 0.14665985107421875
357 0.10259354114532471
358 0.1878606081008911
359 0.17313742637634277
360 0.18870162963867188
361 0.10142123699188232
362 0.13279402256011963
363 0.12790566682815552
364 0.12521469593048096
365 0.16352486610412598
366 0.15571385622024536
367 0.13250839710235596
368 0.18722712993621826
369 0.12056219577789307
370 0.168751060962677
371 0.12205421924591064
372 0.15689021348953247
373 0.14041709899902344
374 0.08802920579910278
375 0.18506014347076416
376 0.14238357543945312
377 0.14760643243789673
378 0.1501157283782959
379 0.14209997653961182
380 0.16756844520568848
381 0.2193617820739746
382 0.13814860582351685
383 0.1603642702102661
384 0.10411655902862549
385 0.13028287887573242
386 0.1647278070449829
387 0.13618814945220947
388 0.16848260164260864
389 0.17800533771514893
390 0.15128493309020996
391 0.17711472511291504
392 0.14844810962677002
393 0.12830936908721924
394 0.11529934406280518
395 0.15506815910339355
396 0.14225512742996216
397 0.14752769470214844
398 0.1436479687690735
399 0.08584153652191162
400 0.0917593240737915
401 0.16843777894973755
402 0.12012290954589844
403 0.10338711738586426
404 0.1319139003753662
405 0.19271260499954224
406 0.1198112964630127
407 0.1703682541847229
408 0.154424786567688
409 0.08245646953582764
410 0.11212360858917236
411 0.16395288705825806
412 0.2273801565170288
413 0.11787045001983643
414 0.10902100801467896
415 0.11501038074493408
416 0.1990697979927063
417 0.15281915664672852
418 0.17995595932006836
419 0.13230907917022705
420 0.12459015846252441
421 0.10482406616210938
422 0.16698604822158813
423 0.1111670732498169
424 0.09755003452301025
425 0.14856410026550293
426 0.20523786544799805
427 0.15174198150634766
428 0.13458257913589478
429 0.11010277271270752
430 0.12053275108337402
431 0.12449991703033447
432 0.109893798828125
433 0.12703639268875122
434 0.16674882173538208
435 0.1645033359527588
436 0.13326215744018555
437 0.12671971321105957
438 0.14202630519866943
439 0.1068335771560669
440 0.17619258165359497
441 0.16214406490325928
442 0.1430853009223938
443 0.191361665725708
444 0.1566677689552307
445 0.11467009782791138
446 0.13597804307937622
447 0.11764001846313477
448 0.11441594362258911
449 0.16157090663909912
450 0.13815337419509888
451 0.12217497825622559
452 0.2342543601989746
453 0.1229751706123352
454 0.16884911060333252
455 0.13593196868896484
456 0.11912548542022705
457 0.1449294090270996
458 0.17191040515899658
459 0.15497195720672607
460 0.12583905458450317
461 0.170354962348938
462 0.10762619972229004
463 0.09900832176208496
464 0.07605153322219849
465 0.16032123565673828
466 0.1660793423652649
467 0.20071941614151
468 0.24311888217926025
469 0.14595794677734375
470 0.1751731038093567
471 0.13092970848083496
472 0.14775878190994263
473 0.10419827699661255
474 0.12858617305755615
475 0.19009238481521606
476 0.17151987552642822
477 0.12497693300247192
478 0.13621091842651367
479 0.18158680200576782
480 0.12339353561401367
481 0.13807332515716553
482 0.16051417589187622
483 0.1480739712715149
484 0.10678732395172119
485 0.22173380851745605
486 0.10716116428375244
487 0.22429490089416504
488 0.19266706705093384
489 0.12229335308074951
490 0.14735138416290283
491 0.11747151613235474
492 0.12254810333251953
493 0.17385196685791016
494 0.15384113788604736
495 0.12419682741165161
496 0.14540749788284302
497 0.23462724685668945
498 0.11575043201446533
499 0.10517007112503052
500 0.138527512550354
501 0.12743473052978516
502 0.1842082142829895
503 0.10268187522888184
504 0.12341833114624023
505 0.1276455521583557
506 0.08615505695343018
507 0.16875839233398438
508 0.13733798265457153
509 0.1389458179473877
510 0.17615729570388794
511 0.16953575611114502
512 0.13851362466812134
513 0.15438103675842285
514 0.14090490341186523
515 0.1170039176940918
516 0.11362552642822266
517 0.12491929531097412
518 0.14221656322479248
519 0.14072304964065552
520 0.10556626319885254
521 0.12481462955474854
522 0.10459613800048828
523 0.18125450611114502
524 0.08369237184524536
525 0.13256818056106567
526 0.12690091133117676
527 0.08362412452697754
528 0.2456265687942505
529 0.13390398025512695
530 0.14471864700317383
531 0.13331663608551025
532 0.23233509063720703
533 0.14103949069976807
534 0.10030412673950195
535 0.16399270296096802
536 0.13845211267471313
537 0.14312982559204102
538 0.2218027114868164
539 0.14534294605255127
540 0.10453569889068604
541 0.17346316576004028
542 0.14566385746002197
543 0.14111328125
544 0.13274341821670532
545 0.12213212251663208
546 0.1329183578491211
547 0.11070120334625244
548 0.13921689987182617
549 0.132066547870636
550 0.17669880390167236
551 0.17114269733428955
552 0.15355408191680908
553 0.1733739972114563
554 0.1487182378768921
555 0.12328791618347168
556 0.14577436447143555
557 0.22497963905334473
558 0.14972102642059326
559 0.18127310276031494
560 0.1244053840637207
561 0.13367748260498047
562 0.12480854988098145
563 0.09973198175430298
564 0.13485175371170044
565 0.1207473874092102
566 0.11561059951782227
567 0.17597198486328125
568 0.14406776428222656
569 0.1243942379951477
570 0.10902643203735352
571 0.1565033197402954
572 0.15335285663604736
573 0.07966244220733643
574 0.15196001529693604
575 0.0917215347290039
576 0.1381273865699768
577 0.09471017122268677
578 0.12159830331802368
579 0.21417170763015747
580 0.08571016788482666
581 0.15390682220458984
582 0.17219960689544678
583 0.11506539583206177
584 0.15450674295425415
585 0.1701068878173828
586 0.0956735610961914
587 0.10880804061889648
588 0.1392146348953247
589 0.19057071208953857
590 0.11778980493545532
591 0.1692090630531311
592 0.11938172578811646
593 0.1273353099822998
594 0.14950191974639893
595 0.11036783456802368
596 0.15617161989212036
597 0.135772705078125
598 0.09216099977493286
599 0.13191348314285278
600 0.17794781923294067
601 0.10744297504425049
602 0.207910418510437
603 0.09833288192749023
604 0.08520424365997314
605 0.10109835863113403
606 0.13303005695343018
607 0.1315450668334961
608 0.08577537536621094
609 0.14105463027954102
610 0.08855783939361572
611 0.11564815044403076
612 0.12760961055755615
613 0.07629692554473877
614 0.15771186351776123
615 0.1402214765548706
616 0.16722851991653442
617 0.14600926637649536
618 0.15635740756988525
619 0.12692081928253174
620 0.13003236055374146
621 0.13730108737945557
622 0.1304963231086731
623 0.0970199704170227
624 0.13501405715942383
625 0.15878009796142578
626 0.1436833143234253
627 0.17442858219146729
628 0.13187742233276367
629 0.16454154253005981
630 0.12003880739212036
631 0.12216335535049438
632 0.1077338457107544
633 0.10692465305328369
634 0.09749913215637207
635 0.14709913730621338
636 0.10824668407440186
637 0.12445604801177979
638 0.1725347638130188
639 0.10177069902420044
640 0.13799864053726196
641 0.11139845848083496
642 0.1869083046913147
643 0.11131095886230469
644 0.13707315921783447
645 0.14137744903564453
646 0.13859689235687256
647 0.13016659021377563
648 0.11932969093322754
649 0.11236870288848877
650 0.12814223766326904
651 0.20425349473953247
652 0.13367950916290283
653 0.12666398286819458
654 0.14438211917877197
655 0.13572227954864502
656 0.1466526985168457
657 0.11451417207717896
658 0.11776399612426758
659 0.16273605823516846
660 0.14389568567276
661 0.11065274477005005
662 0.16361600160598755
663 0.168279767036438
664 0.16412878036499023
665 0.11935341358184814
666 0.13414645195007324
667 0.1316402554512024
668 0.15087592601776123
669 0.18980717658996582
670 0.0835953950881958
671 0.16153556108474731
672 0.1452469825744629
673 0.08410727977752686
674 0.11217641830444336
675 0.08621913194656372
676 0.11851906776428223
677 0.13647180795669556
678 0.15423351526260376
679 0.1671937108039856
680 0.17887938022613525
681 0.1763196587562561
682 0.15276670455932617
683 0.15797674655914307
684 0.11721301078796387
685 0.15057045221328735
686 0.12553679943084717
687 0.09027063846588135
688 0.14754259586334229
689 0.12240076065063477
690 0.12070906162261963
691 0.13467824459075928
692 0.1601889729499817
693 0.09204035997390747
694 0.08431649208068848
695 0.11242032051086426
696 0.11902791261672974
697 0.1232825517654419
698 0.23018723726272583
699 0.07597017288208008
700 0.11185169219970703
701 0.20918607711791992
702 0.19638830423355103
703 0.18336641788482666
704 0.17735636234283447
705 0.08905899524688721
706 0.12369608879089355
707 0.19666779041290283
708 0.08668023347854614
709 0.13388407230377197
710 0.12775182723999023
711 0.09632045030593872
712 0.12756073474884033
713 0.161385178565979
714 0.1194225549697876
715 0.15203237533569336
716 0.1425405740737915
717 0.10669279098510742
718 0.15334796905517578
719 0.20505696535110474
720 0.126359760761261
721 0.1469419002532959
722 0.1378422975540161
723 0.14703774452209473
724 0.13356494903564453
725 0.09638774394989014
726 0.1181875467300415
727 0.14390063285827637
728 0.1509607434272766
729 0.13226091861724854
730 0.13195419311523438
731 0.11134791374206543
732 0.17371726036071777
733 0.10628736019134521
734 0.11916017532348633
735 0.13068896532058716
736 0.12506705522537231
737 0.158769428730011
738 0.15307080745697021
739 0.11094075441360474
740 0.10833555459976196
741 0.13878661394119263
742 0.13508731126785278
743 0.09214019775390625
744 0.12754201889038086
745 0.09047341346740723
746 0.1298847198486328
747 0.1231834888458252
748 0.09900403022766113
749 0.18459326028823853
750 0.18177056312561035
751 0.1479235291481018
752 0.12654685974121094
753 0.10174834728240967
754 0.14749246835708618
755 0.15319538116455078
756 0.14724856615066528
757 0.0903702974319458
758 0.1336216926574707
759 0.09001421928405762
760 0.1240607500076294
761 0.1582980751991272
762 0.13219130039215088
763 0.15218985080718994
764 0.0998309850692749
765 0.14241743087768555
766 0.16006481647491455
767 0.10908937454223633
768 0.09376978874206543
769 0.19062095880508423
770 0.0904545783996582
771 0.13198882341384888
772 0.13501834869384766
773 0.12822610139846802
774 0.09160733222961426
775 0.07747864723205566
776 0.1419215202331543
777 0.11515796184539795
778 0.13829588890075684
779 0.13249588012695312
780 0.11502456665039062
781 0.13908082246780396
782 0.1367090344429016
783 0.06965780258178711
784 0.11151015758514404
785 0.10311198234558105
786 0.16650354862213135
787 0.15936434268951416
788 0.09382951259613037
789 0.11059427261352539
790 0.1861136555671692
791 0.13098031282424927
792 0.11326384544372559
793 0.11122572422027588
794 0.1320401430130005
795 0.12360107898712158
796 0.10771971940994263
797 0.15181350708007812
798 0.1175159215927124
799 0.16221296787261963
800 0.13144874572753906
801 0.09703141450881958
802 0.10847055912017822
803 0.1334856152534485
804 0.11119389533996582
805 0.1501956582069397
806 0.14102154970169067
807 0.12021028995513916
808 0.1494990587234497
809 0.0852428674697876
810 0.11695313453674316
811 0.15033847093582153
812 0.14775896072387695
813 0.11488473415374756
814 0.17915499210357666
815 0.08318531513214111
816 0.1623687744140625
817 0.09725552797317505
818 0.1433437466621399
819 0.1439417600631714
820 0.12064838409423828
821 0.15295058488845825
822 0.08473950624465942
823 0.1388770341873169
824 0.11003637313842773
825 0.10276776552200317
826 0.14411771297454834
827 0.1785874366760254
828 0.10828715562820435
829 0.10761868953704834
830 0.10797291994094849
831 0.09869575500488281
832 0.1381683349609375
833 0.19546234607696533
834 0.1277676820755005
835 0.07824254035949707
836 0.13055336475372314
837 0.10340070724487305
838 0.12246352434158325
839 0.10100042819976807
840 0.1419079303741455
841 0.10407638549804688
842 0.10767871141433716
843 0.11426222324371338
844 0.14589464664459229
845 0.10148048400878906
846 0.10469746589660645
847 0.11085808277130127
848 0.11382251977920532
849 0.12885934114456177
850 0.07195150852203369
851 0.16604673862457275
852 0.08812767267227173
853 0.13549423217773438
854 0.11356717348098755
855 0.09281522035598755
856 0.1278558373451233
857 0.18479233980178833
858 0.13304126262664795
859 0.09681093692779541
860 0.08267176151275635
861 0.08224773406982422
862 0.10378199815750122
863 0.11704498529434204
864 0.0903359055519104
865 0.1471136212348938
866 0.09496724605560303
867 0.09954071044921875
868 0.10834157466888428
869 0.10732680559158325
870 0.10190439224243164
871 0.09538418054580688
872 0.16786795854568481
873 0.11133933067321777
874 0.14874625205993652
875 0.13019973039627075
876 0.1535423994064331
877 0.09881985187530518
878 0.14371544122695923
879 0.12589102983474731
880 0.10108357667922974
881 0.12234503030776978
882 0.1456783413887024
883 0.08375358581542969
884 0.13890421390533447
885 0.10750210285186768
886 0.07900142669677734
887 0.07509982585906982
888 0.1064794659614563
889 0.07057267427444458
890 0.08766424655914307
891 0.08010154962539673
892 0.121676504611969
893 0.10643422603607178
894 0.13807499408721924
895 0.10450392961502075
896 0.09455037117004395
897 0.13425302505493164
898 0.10870242118835449
899 0.0991402268409729
900 0.13861876726150513
901 0.13716721534729004
902 0.14694219827651978
903 0.17790603637695312
904 0.10374033451080322
905 0.21849781274795532
906 0.09967976808547974
907 0.0876915454864502
908 0.10878831148147583
909 0.13009148836135864
910 0.15326911211013794
911 0.13956892490386963
912 0.1564686894416809
913 0.10159873962402344
914 0.10474550724029541
915 0.10575658082962036
916 0.13055706024169922
917 0.07790505886077881
918 0.0973360538482666
919 0.1639418601989746
920 0.11613404750823975
921 0.1410735845565796
922 0.11304646730422974
923 0.14730674028396606
924 0.11760121583938599
925 0.14396291971206665
926 0.15081864595413208
927 0.1229601502418518
928 0.10453569889068604
929 0.11127519607543945
930 0.09007740020751953
931 0.11863970756530762
932 0.06321203708648682
933 0.0831940770149231
934 0.08650428056716919
935 0.14004647731781006
936 0.14539778232574463
937 0.16625243425369263
938 0.0778394341468811
939 0.11999845504760742
940 0.08239442110061646
941 0.09966433048248291
942 0.09555870294570923
943 0.1727619767189026
944 0.10030138492584229
945 0.08425140380859375
946 0.1269863247871399
947 0.11010777950286865
948 0.09812259674072266
949 0.11171257495880127
950 0.11553555727005005
951 0.07639294862747192
952 0.14783984422683716
953 0.12297523021697998
954 0.07352399826049805
955 0.10220414400100708
956 0.07266247272491455
957 0.11227560043334961
958 0.13067662715911865
959 0.11259937286376953
960 0.07194548845291138
961 0.13287878036499023
962 0.1302850842475891
963 0.07666504383087158
964 0.10742783546447754
965 0.08046823740005493
966 0.09431743621826172
967 0.14103823900222778
968 0.10627037286758423
969 0.13169145584106445
970 0.10884195566177368
971 0.10122811794281006
972 0.13323986530303955
973 0.10802775621414185
974 0.12374985218048096
975 0.15242040157318115
976 0.10884618759155273
977 0.0946996808052063
978 0.08273869752883911
979 0.09451103210449219
980 0.10369807481765747
981 0.10869675874710083
982 0.12911826372146606
983 0.13645482063293457
984 0.10190582275390625
985 0.0992169976234436
986 0.14496958255767822
987 0.11503183841705322
988 0.1428983211517334
989 0.12324631214141846
990 0.10483890771865845
991 0.09987199306488037
992 0.11192560195922852
993 0.09039974212646484
994 0.1332554817199707
995 0.1553192138671875
996 0.11439353227615356
997 0.12095910310745239
998 0.12112963199615479
999 0.08498096466064453
1000 0.1641709804534912
1001 0.12634730339050293
1002 0.10223996639251709
1003 0.10619056224822998
1004 0.11810994148254395
1005 0.12310391664505005
1006 0.12880587577819824
1007 0.10713845491409302
1008 0.10565119981765747
1009 0.13714075088500977
1010 0.14295423030853271
1011 0.10864293575286865
1012 0.13164198398590088
1013 0.15178680419921875
1014 0.10360032320022583
1015 0.13197779655456543
1016 0.13810855150222778
1017 0.07248234748840332
1018 0.12554866075515747
1019 0.14392715692520142
1020 0.1255779266357422
1021 0.11355781555175781
1022 0.12722837924957275
1023 0.10888147354125977
1024 0.10996991395950317
1025 0.08713042736053467
1026 0.10032343864440918
1027 0.09638595581054688
1028 0.1408076286315918
1029 0.09580373764038086
1030 0.14293813705444336
1031 0.12493020296096802
1032 0.1435108184814453
1033 0.13812851905822754
1034 0.1835465431213379
1035 0.1265021562576294
1036 0.09174585342407227
1037 0.06685042381286621
1038 0.16072392463684082
1039 0.11069566011428833
1040 0.1237870454788208
1041 0.13050395250320435
1042 0.10078716278076172
1043 0.12134027481079102
1044 0.08656293153762817
1045 0.12935614585876465
1046 0.15682488679885864
1047 0.1425241231918335
1048 0.12591123580932617
1049 0.11163854598999023
1050 0.09733271598815918
1051 0.1422191858291626
1052 0.16560298204421997
1053 0.14779269695281982
1054 0.13035547733306885
1055 0.24111902713775635
1056 0.14353811740875244
1057 0.15631133317947388
1058 0.1278625726699829
1059 0.1666332483291626
1060 0.12285900115966797
1061 0.13620102405548096
1062 0.12836462259292603
1063 0.14690876007080078
1064 0.09629356861114502
1065 0.10613763332366943
1066 0.10915714502334595
1067 0.07221847772598267
1068 0.10254442691802979
1069 0.125491201877594
1070 0.13525545597076416
1071 0.11687767505645752
1072 0.08232170343399048
1073 0.11613571643829346
1074 0.08260369300842285
1075 0.15411591529846191
1076 0.13373470306396484
1077 0.13497114181518555
1078 0.15317612886428833
1079 0.08485633134841919
1080 0.12699490785598755
1081 0.15505659580230713
1082 0.10790902376174927
1083 0.14793753623962402
1084 0.11568880081176758
1085 0.10289061069488525
1086 0.10307812690734863
1087 0.11479198932647705
1088 0.1310003399848938
1089 0.16160643100738525
1090 0.08574706315994263
1091 0.1348446011543274
1092 0.13442790508270264
1093 0.1266828179359436
1094 0.131949782371521
1095 0.1040029525756836
1096 0.14903688430786133
1097 0.06984376907348633
1098 0.1534441113471985
1099 0.09893083572387695
1100 0.08108741044998169
1101 0.09195452928543091
1102 0.06940674781799316
1103 0.156968891620636
1104 0.20904779434204102
1105 0.13466298580169678
1106 0.1633845567703247
1107 0.12137722969055176
1108 0.20049822330474854
1109 0.13207685947418213
1110 0.18828660249710083
1111 0.10687816143035889
1112 0.09954988956451416
1113 0.09496021270751953
1114 0.15973007678985596
1115 0.09989309310913086
1116 0.11235934495925903
1117 0.07458889484405518
1118 0.11806559562683105
1119 0.10199815034866333
1120 0.13405704498291016
1121 0.11580276489257812
1122 0.12133151292800903
1123 0.1867767572402954
1124 0.10897362232208252
1125 0.11639750003814697
1126 0.10172557830810547
1127 0.10665321350097656
1128 0.10361158847808838
1129 0.11385995149612427
1130 0.14302092790603638
1131 0.07925546169281006
1132 0.1649646759033203
1133 0.09085512161254883
1134 0.10113859176635742
1135 0.0924607515335083
1136 0.12122702598571777
1137 0.14247798919677734
1138 0.10792732238769531
1139 0.08792382478713989
1140 0.10697990655899048
1141 0.10077083110809326
1142 0.1314096450805664
1143 0.09804236888885498
1144 0.13883459568023682
1145 0.10097795724868774
1146 0.08731889724731445
1147 0.11229884624481201
1148 0.1480398178100586
1149 0.11496478319168091
1150 0.09942322969436646
1151 0.13859587907791138
1152 0.1090857982635498
1153 0.10318595170974731
1154 0.16526132822036743
1155 0.11373615264892578
1156 0.0896027684211731
1157 0.08761459589004517
1158 0.10240823030471802
1159 0.07958346605300903
1160 0.12234079837799072
1161 0.08561378717422485
1162 0.08036363124847412
1163 0.109596848487854
1164 0.08404684066772461
1165 0.12842708826065063
1166 0.10788136720657349
1167 0.16447293758392334
1168 0.09026765823364258
1169 0.09103113412857056
1170 0.13820719718933105
1171 0.08285331726074219
1172 0.12154531478881836
1173 0.13507473468780518
1174 0.10164511203765869
1175 0.10809141397476196
1176 0.1211310625076294
1177 0.12082815170288086
1178 0.08097803592681885
1179 0.11696386337280273
1180 0.07418453693389893
1181 0.16718846559524536
1182 0.12443780899047852
1183 0.09239894151687622
1184 0.06488525867462158
1185 0.08846712112426758
1186 0.08990907669067383
1187 0.10980582237243652
1188 0.08614218235015869
1189 0.14570724964141846
1190 0.10028696060180664
1191 0.11226016283035278
1192 0.10914713144302368
1193 0.10339313745498657
1194 0.10426342487335205
1195 0.1154099702835083
1196 0.16081476211547852
1197 0.12401056289672852
1198 0.1049041748046875
1199 0.13558155298233032
1200 0.08667194843292236
1201 0.115700364112854
1202 0.16566479206085205
1203 0.06510573625564575
1204 0.12305271625518799
1205 0.0822896957397461
1206 0.15125584602355957
1207 0.12398874759674072
1208 0.149039626121521
1209 0.14418268203735352
1210 0.1451791524887085
1211 0.12797224521636963
1212 0.09196639060974121
1213 0.07590228319168091
1214 0.13268041610717773
1215 0.10757672786712646
1216 0.06371545791625977
1217 0.10215878486633301
1218 0.08185607194900513
1219 0.08430224657058716
1220 0.12237513065338135
1221 0.12568581104278564
1222 0.11957883834838867
1223 0.08759438991546631
1224 0.14763718843460083
1225 0.13394403457641602
1226 0.16004133224487305
1227 0.1022789478302002
1228 0.11692774295806885
1229 0.08392220735549927
1230 0.09918439388275146
1231 0.10166198015213013
1232 0.13292455673217773
1233 0.08797580003738403
1234 0.09382784366607666
1235 0.1725606918334961
1236 0.1103394627571106
1237 0.11039096117019653
1238 0.08697211742401123
1239 0.1261279582977295
1240 0.14739829301834106
1241 0.09365034103393555
1242 0.10029584169387817
1243 0.14287149906158447
1244 0.07260787487030029
1245 0.10259538888931274
1246 0.10328543186187744
1247 0.088489830493927
1248 0.06237959861755371
1249 0.10592794418334961
1250 0.10256510972976685
1251 0.08909207582473755
1252 0.13388901948928833
1253 0.1101764440536499
1254 0.11257290840148926
1255 0.07315331697463989
1256 0.10741454362869263
1257 0.10019457340240479
1258 0.11978417634963989
1259 0.12687498331069946
1260 0.12985944747924805
1261 0.0686182975769043
1262 0.09037935733795166
1263 0.10662472248077393
1264 0.15702581405639648
1265 0.09821206331253052
1266 0.09121692180633545
1267 0.08211421966552734
1268 0.1588984727859497
1269 0.117179274559021
1270 0.16756200790405273
1271 0.1576710343360901
1272 0.10962086915969849
1273 0.07542276382446289
1274 0.13363206386566162
1275 0.1538880467414856
1276 0.1239202618598938
1277 0.13207370042800903
1278 0.11141711473464966
1279 0.11979115009307861
1280 0.1192253828048706
1281 0.07136493921279907
1282 0.10897970199584961
1283 0.13610130548477173
1284 0.12663966417312622
1285 0.15419918298721313
1286 0.12297803163528442
1287 0.12915325164794922
1288 0.10778141021728516
1289 0.10926896333694458
1290 0.197515606880188
1291 0.09943807125091553
1292 0.11896520853042603
1293 0.11629056930541992
1294 0.10636520385742188
1295 0.09272158145904541
1296 0.1498328447341919
1297 0.0849224328994751
1298 0.12951260805130005
1299 0.08896982669830322
1300 0.17920136451721191
1301 0.09552383422851562
1302 0.09965091943740845
1303 0.09445035457611084
1304 0.1221923828125
1305 0.13378006219863892
1306 0.14144378900527954
1307 0.07058411836624146
1308 0.1404154896736145
1309 0.08894646167755127
1310 0.08867716789245605
1311 0.09671759605407715
1312 0.1265125274658203
1313 0.10042619705200195
1314 0.09726649522781372
1315 0.10314762592315674
1316 0.09224462509155273
1317 0.08282071352005005
1318 0.1541944146156311
1319 0.11144769191741943
1320 0.12154972553253174
1321 0.1430390477180481
1322 0.11968642473220825
1323 0.12582170963287354
1324 0.096771240234375
1325 0.10016614198684692
1326 0.12338554859161377
1327 0.08382511138916016
1328 0.10852861404418945
1329 0.10578900575637817
1330 0.08567202091217041
1331 0.07985866069793701
1332 0.11751794815063477
1333 0.09272468090057373
1334 0.1306787133216858
1335 0.1055750846862793
1336 0.11117726564407349
1337 0.11049157381057739
1338 0.06149876117706299
1339 0.11500608921051025
1340 0.1176835298538208
1341 0.13444924354553223
1342 0.1127358078956604
1343 0.0752863883972168
1344 0.09786748886108398
1345 0.07669734954833984
1346 0.14895260334014893
1347 0.09637147188186646
1348 0.09992295503616333
1349 0.08609771728515625
1350 0.10633760690689087
1351 0.11623942852020264
1352 0.09600746631622314
1353 0.09306049346923828
1354 0.07587480545043945
1355 0.14181280136108398
1356 0.11872625350952148
1357 0.12214362621307373
1358 0.10221779346466064
1359 0.10417252779006958
1360 0.11424756050109863
1361 0.1585007905960083
1362 0.12689030170440674
1363 0.13440275192260742
1364 0.11663162708282471
1365 0.11409813165664673
1366 0.14335662126541138
1367 0.09515094757080078
1368 0.09920930862426758
1369 0.09803879261016846
1370 0.12477004528045654
1371 0.16815292835235596
1372 0.09401136636734009
1373 0.06967604160308838
1374 0.1448548436164856
1375 0.12073814868927002
1376 0.10118371248245239
1377 0.10858583450317383
1378 0.12380123138427734
1379 0.06506788730621338
1380 0.09307539463043213
1381 0.10254651308059692
1382 0.147835373878479
1383 0.11472368240356445
1384 0.09922134876251221
1385 0.12566041946411133
1386 0.10144758224487305
1387 0.10754060745239258
1388 0.17167764902114868
1389 0.18149691820144653
1390 0.12984895706176758
1391 0.09889566898345947
1392 0.1361597776412964
1393 0.06322455406188965
1394 0.13568735122680664
1395 0.09829455614089966
1396 0.19936496019363403
1397 0.16723918914794922
1398 0.0906442403793335
1399 0.12068796157836914
1400 0.10323631763458252
1401 0.12537026405334473
1402 0.12236100435256958
1403 0.18059206008911133
1404 0.14665204286575317
1405 0.12807965278625488
1406 0.12471497058868408
1407 0.1479089856147766
1408 0.12205278873443604
1409 0.1866666078567505
1410 0.10948026180267334
1411 0.10234647989273071
1412 0.1153562068939209
1413 0.10168600082397461
1414 0.12764477729797363
1415 0.16597676277160645
1416 0.1821991205215454
1417 0.11243659257888794
1418 0.12733137607574463
1419 0.13342809677124023
1420 0.09454160928726196
1421 0.17519044876098633
1422 0.10214519500732422
1423 0.12622416019439697
1424 0.14995765686035156
1425 0.11186003684997559
1426 0.10466057062149048
1427 0.13914519548416138
1428 0.15823900699615479
1429 0.10816526412963867
1430 0.0993032455444336
1431 0.11941146850585938
1432 0.07820498943328857
1433 0.10787826776504517
1434 0.12914258241653442
1435 0.10426932573318481
1436 0.08407288789749146
1437 0.146792471408844
1438 0.12987709045410156
1439 0.06848365068435669
1440 0.09314393997192383
1441 0.09144556522369385
1442 0.11999797821044922
1443 0.14428293704986572
1444 0.12044286727905273
1445 0.1353142261505127
1446 0.13569289445877075
1447 0.1371757984161377
1448 0.11467170715332031
1449 0.08675366640090942
1450 0.12784934043884277
1451 0.10935592651367188
1452 0.0866779088973999
1453 0.14218950271606445
1454 0.1642642617225647
1455 0.13618212938308716
1456 0.13348352909088135
1457 0.14051610231399536
1458 0.10294133424758911
1459 0.10502970218658447
1460 0.13918650150299072
1461 0.1513272523880005
1462 0.09975367784500122
1463 0.16392505168914795
1464 0.11458122730255127
1465 0.1163482666015625
1466 0.15947353839874268
1467 0.1445777416229248
1468 0.09784853458404541
1469 0.14115649461746216
1470 0.09505975246429443
1471 0.10195589065551758
1472 0.07583916187286377
1473 0.13215887546539307
1474 0.08266615867614746
1475 0.06085216999053955
1476 0.12185728549957275
1477 0.07479983568191528
1478 0.220630943775177
1479 0.11458706855773926
1480 0.1776580810546875
1481 0.08619624376296997
1482 0.0897437334060669
1483 0.12906181812286377
1484 0.1503678560256958
1485 0.1303877830505371
1486 0.12407910823822021
1487 0.09157896041870117
1488 0.11192095279693604
1489 0.12431025505065918
1490 0.12216693162918091
1491 0.09883320331573486
1492 0.09901219606399536
1493 0.09228324890136719
1494 0.06549769639968872
1495 0.14188814163208008
1496 0.0954514741897583
1497 0.09381675720214844
1498 0.08873748779296875
1499 0.109840989112854
1500 0.09041845798492432
1501 0.09500986337661743
1502 0.12199097871780396
1503 0.09180861711502075
1504 0.10120713710784912
1505 0.11385709047317505
1506 0.11591798067092896
1507 0.14215713739395142
1508 0.11002522706985474
1509 0.12807917594909668
1510 0.10490047931671143
1511 0.08101445436477661
1512 0.19559180736541748
1513 0.1778615117073059
1514 0.12139415740966797
1515 0.11446881294250488
1516 0.14464879035949707
1517 0.10296297073364258
1518 0.15644580125808716
1519 0.06171905994415283
1520 0.11709719896316528
1521 0.16136693954467773
1522 0.14945697784423828
1523 0.11215603351593018
1524 0.17117083072662354
1525 0.11529088020324707
1526 0.12701058387756348
1527 0.12761938571929932
1528 0.115805983543396
1529 0.09273266792297363
1530 0.09559059143066406
1531 0.08903133869171143
1532 0.1323796510696411
1533 0.09626483917236328
1534 0.11520600318908691
1535 0.06748801469802856
1536 0.14027869701385498
1537 0.13882362842559814
1538 0.14842474460601807
1539 0.09838581085205078
1540 0.11915898323059082
1541 0.09180748462677002
1542 0.10107266902923584
1543 0.08210587501525879
1544 0.08346396684646606
1545 0.07315313816070557
1546 0.12187325954437256
1547 0.10524702072143555
1548 0.12424683570861816
1549 0.09575605392456055
1550 0.12389755249023438
1551 0.09154969453811646
1552 0.13262438774108887
1553 0.13115310668945312
1554 0.12319433689117432
1555 0.1205301284790039
1556 0.1437849998474121
1557 0.09502553939819336
1558 0.12347960472106934
1559 0.08291959762573242
1560 0.11596524715423584
1561 0.08988869190216064
1562 0.0627511739730835
1563 0.15253043174743652
1564 0.1314595341682434
1565 0.0987248420715332
1566 0.06004458665847778
1567 0.1044543981552124
1568 0.13651561737060547
1569 0.07101869583129883
1570 0.09354192018508911
1571 0.15482985973358154
1572 0.0937226414680481
1573 0.12233811616897583
1574 0.19348621368408203
1575 0.1470676064491272
1576 0.050823211669921875
1577 0.07175523042678833
1578 0.11332327127456665
1579 0.14232110977172852
1580 0.15384674072265625
1581 0.11864805221557617
1582 0.10582542419433594
1583 0.07452166080474854
1584 0.10144144296646118
1585 0.10179948806762695
1586 0.12711143493652344
1587 0.12375998497009277
1588 0.06938982009887695
1589 0.10382604598999023
1590 0.10797005891799927
1591 0.06084275245666504
1592 0.108051598072052
1593 0.13764429092407227
1594 0.136155903339386
1595 0.11118817329406738
1596 0.08526551723480225
1597 0.10598021745681763
1598 0.12031400203704834
1599 0.08270788192749023
1600 0.11936694383621216
1601 0.11445152759552002
1602 0.12737774848937988
1603 0.16062766313552856
1604 0.08987361192703247
1605 0.10312920808792114
1606 0.10989576578140259
1607 0.09169340133666992
1608 0.09982377290725708
1609 0.11502242088317871
1610 0.145064115524292
1611 0.08398962020874023
1612 0.13006794452667236
1613 0.11763489246368408
1614 0.13664531707763672
1615 0.07249939441680908
1616 0.08320915699005127
1617 0.08605939149856567
1618 0.12506896257400513
1619 0.14209973812103271
1620 0.15249276161193848
1621 0.13800954818725586
1622 0.08191573619842529
1623 0.1130860447883606
1624 0.11633801460266113
1625 0.11026531457901001
1626 0.10832935571670532
1627 0.1068040132522583
1628 0.09938669204711914
1629 0.13265645503997803
1630 0.13103103637695312
1631 0.06670761108398438
1632 0.07390463352203369
1633 0.13503706455230713
1634 0.11350685358047485
1635 0.10345840454101562
1636 0.09432655572891235
1637 0.08694344758987427
1638 0.08999180793762207
1639 0.1185981035232544
1640 0.13152480125427246
1641 0.08818864822387695
1642 0.15294820070266724
1643 0.09034395217895508
1644 0.11118710041046143
1645 0.06297093629837036
1646 0.14098608493804932
1647 0.09535795450210571
1648 0.09571629762649536
1649 0.17935574054718018
1650 0.12470829486846924
1651 0.11759579181671143
1652 0.07441598176956177
1653 0.14118778705596924
1654 0.11251097917556763
1655 0.08718335628509521
1656 0.08570528030395508
1657 0.08025634288787842
1658 0.09952843189239502
1659 0.06730246543884277
1660 0.10156428813934326
1661 0.11074113845825195
1662 0.11557227373123169
1663 0.1228988766670227
1664 0.12360155582427979
1665 0.13703835010528564
1666 0.08673220872879028
1667 0.08683621883392334
1668 0.05984431505203247
1669 0.1324293613433838
1670 0.0776296854019165
1671 0.11403274536132812
1672 0.07491046190261841
1673 0.1250467300415039
1674 0.14793360233306885
1675 0.08716344833374023
1676 0.06785619258880615
1677 0.08739030361175537
1678 0.10257303714752197
1679 0.09965306520462036
1680 0.07353746891021729
1681 0.058632850646972656
1682 0.08159714937210083
1683 0.1425366997718811
1684 0.1222267746925354
1685 0.13345062732696533
1686 0.1161087155342102
1687 0.12400472164154053
1688 0.12575244903564453
1689 0.11228442192077637
1690 0.13045752048492432
1691 0.07767260074615479
1692 0.1096642017364502
1693 0.10091841220855713
1694 0.06741034984588623
1695 0.1131332516670227
1696 0.08004218339920044
1697 0.10988456010818481
1698 0.08575308322906494
1699 0.12461119890213013
1700 0.1702643632888794
1701 0.1141396164894104
1702 0.08387637138366699
1703 0.14268136024475098
1704 0.0704074501991272
1705 0.1092759370803833
1706 0.10624265670776367
1707 0.14845991134643555
1708 0.10796558856964111
1709 0.10175496339797974
1710 0.08248281478881836
1711 0.14463382959365845
1712 0.08457708358764648
1713 0.0889902114868164
1714 0.1435704231262207
1715 0.10583645105361938
1716 0.08955621719360352
1717 0.07880789041519165
1718 0.17238426208496094
1719 0.1295454502105713
1720 0.08579134941101074
1721 0.08566629886627197
1722 0.12873482704162598
